Starting runMD, Version 0.0 ....
====================
Parser called. Getting input...
Parser saw these values:
Number of molecules : 100
Box length (nm) : 10
Temperature (K) : 298
Molecule mass (g/mol) : 39.4
Time Step (fs) : 1
Number of Steps : 10
LJ sigma (m) : 3.3e-10
LJ epsilon (J) : 1.65e-21

Converting units...
Mass -> kg/particle
new mass: 6.54253e-26
Meters -> nm
new LJ sigma : 0.33
====================
Initializer called...
0
0, 0, 0
-97.1388, -338.875, -324.813
1
1.66667, 0, 0
134.491, -79.808, -16.4211
2
3.33333, 0, 0
49.2607, -12.0837, 74.1746
3
5, 0, 0
230.981, -26.6045, -174.627
4
6.66667, 0, 0
171.415, 370.729, -501.758
5
0, 1.66667, 0
-198.977, 9.7699, 90.1729
6
1.66667, 1.66667, 0
72.4403, 54.7542, 101.481
7
3.33333, 1.66667, 0
280.085, 60.3642, 642.253
8
5, 1.66667, 0
-62.131, -98.5617, 477.372
9
6.66667, 1.66667, 0
-152.824, -234.91, 73.9068
10
0, 3.33333, 0
284.286, 59.2869, -75.2309
11
1.66667, 3.33333, 0
-525.775, -289.617, -215.474
12
3.33333, 3.33333, 0
-128.83, 215.343, -203.102
13
5, 3.33333, 0
37.566, -247.431, -505.83
14
6.66667, 3.33333, 0
351.691, 243.957, -255.709
15
0, 5, 0
-304.127, 476.222, -109.557
16
1.66667, 5, 0
-340.839, 104.134, 193.166
17
3.33333, 5, 0
146.633, -4.86994, -192.801
18
5, 5, 0
-158.747, 371.851, 77.7475
19
6.66667, 5, 0
-170.316, 186.314, -399.541
20
0, 6.66667, 0
-19.7316, 18.5732, -340.789
21
1.66667, 6.66667, 0
-244.305, -69.7453, 148.852
22
3.33333, 6.66667, 0
-278.063, -604.974, -39.4701
23
5, 6.66667, 0
-60.9863, 130.474, -198.842
24
6.66667, 6.66667, 0
-23.0973, 258.661, 197.755
25
0, 0, 1.66667
152.596, -259.909, -228.518
26
1.66667, 0, 1.66667
325.82, 401.396, -269.661
27
3.33333, 0, 1.66667
135.569, 498.867, -107.607
28
5, 0, 1.66667
63.0481, -84.7634, 234.592
29
6.66667, 0, 1.66667
-115.295, -195.911, -120.177
30
0, 1.66667, 1.66667
223.833, 137.891, 41.6757
31
1.66667, 1.66667, 1.66667
150.827, -246.806, -70.6024
32
3.33333, 1.66667, 1.66667
417.844, -193.852, -289.56
33
5, 1.66667, 1.66667
-394.903, 104.246, -97.9236
34
6.66667, 1.66667, 1.66667
564.762, -33.6078, -119.996
35
0, 3.33333, 1.66667
-561.955, 24.0865, -351.064
36
1.66667, 3.33333, 1.66667
-183.334, 331.205, -338.018
37
3.33333, 3.33333, 1.66667
303.326, -75.9139, 123.688
38
5, 3.33333, 1.66667
350.638, -631.201, -91.7426
39
6.66667, 3.33333, 1.66667
318.876, -168.916, 16.1734
40
0, 5, 1.66667
-291.437, -46.538, 147.254
41
1.66667, 5, 1.66667
-141.226, 128.842, -459.908
42
3.33333, 5, 1.66667
-33.8045, -487.117, -32.4826
43
5, 5, 1.66667
191.296, -238.085, 488.388
44
6.66667, 5, 1.66667
-221.179, -62.1995, -34.268
45
0, 6.66667, 1.66667
-202.136, 155.93, 192.929
46
1.66667, 6.66667, 1.66667
-178.712, 208.664, -202.646
47
3.33333, 6.66667, 1.66667
225.03, -131.531, 55.6675
48
5, 6.66667, 1.66667
393.754, 150.908, -130.904
49
6.66667, 6.66667, 1.66667
-33.0044, 157.969, 229.629
50
0, 0, 3.33333
-311.858, 18.3759, -124.366
51
1.66667, 0, 3.33333
-299.18, -3.9264, -221.859
52
3.33333, 0, 3.33333
-315.019, 83.8235, -504.675
53
5, 0, 3.33333
-288.484, -26.1429, -176.755
54
6.66667, 0, 3.33333
-171.297, -347.611, -14.8894
55
0, 1.66667, 3.33333
-550.458, 222.46, 585.322
56
1.66667, 1.66667, 3.33333
168.604, -86.1824, 202.625
57
3.33333, 1.66667, 3.33333
179.67, -32.81, -1.79386
58
5, 1.66667, 3.33333
110.495, 332.958, 34.1146
59
6.66667, 1.66667, 3.33333
-222.565, -189.581, -33.6854
60
0, 3.33333, 3.33333
69.6331, 142.051, -169.799
61
1.66667, 3.33333, 3.33333
348.896, -64.1069, -195.539
62
3.33333, 3.33333, 3.33333
50.5556, 443.998, 38.7164
63
5, 3.33333, 3.33333
-83.2566, -524.441, 185.3
64
6.66667, 3.33333, 3.33333
276.806, -134.622, 105.037
65
0, 5, 3.33333
85.3558, 187.462, 349.046
66
1.66667, 5, 3.33333
113.544, 283.888, -34.5437
67
3.33333, 5, 3.33333
-500.498, -35.4073, -217.809
68
5, 5, 3.33333
-14.3372, 153.571, 228.891
69
6.66667, 5, 3.33333
-217.419, 136.879, -273.04
70
0, 6.66667, 3.33333
214.281, 175.523, -218.243
71
1.66667, 6.66667, 3.33333
280.976, 51.5865, -47.4342
72
3.33333, 6.66667, 3.33333
-236.412, -375.447, 373.704
73
5, 6.66667, 3.33333
24.0751, -48.6815, 167.794
74
6.66667, 6.66667, 3.33333
142.317, -22.1667, -39.2726
75
0, 0, 5
-349.373, -100.54, -78.5176
76
1.66667, 0, 5
-140.969, -32.2249, -352.506
77
3.33333, 0, 5
-210.637, -31.9651, 219.345
78
5, 0, 5
-218.204, -55.6155, -79.2822
79
6.66667, 0, 5
230.967, -46.2127, 542.268
80
0, 1.66667, 5
0.429696, 44.4685, -164.766
81
1.66667, 1.66667, 5
20.0692, 751.927, -407.426
82
3.33333, 1.66667, 5
-419.167, 2.27357, 320.671
83
5, 1.66667, 5
103.507, 556.072, -5.55905
84
6.66667, 1.66667, 5
-130.228, -114.048, 131.209
85
0, 3.33333, 5
-94.8367, -66.1166, 390.605
86
1.66667, 3.33333, 5
217.95, 182.143, 9.9837
87
3.33333, 3.33333, 5
272.291, -155.289, 304.473
88
5, 3.33333, 5
190.426, 3.09893, 179.415
89
6.66667, 3.33333, 5
263.497, -7.59017, -223.86
90
0, 5, 5
236.712, -190.766, 158.937
91
1.66667, 5, 5
195.954, 276.697, 398.439
92
3.33333, 5, 5
204.26, -275.381, 12.068
93
5, 5, 5
-66.0948, 44.5541, 8.37497
94
6.66667, 5, 5
-147.594, -425.793, 333.747
95
0, 6.66667, 5
-60.9065, -347.151, -198.618
96
1.66667, 6.66667, 5
59.372, 279.366, -359.131
97
3.33333, 6.66667, 5
68.2043, -125.572, -52.1643
98
5, 6.66667, 5
-48.2092, 176.811, 87.7803
99
6.66667, 6.66667, 5
-160.329, -193.366, -13.4173
forces called
Leonard Jones called
Testing single force

Exiting runMD with status :0
