fx, fy, fz (kg nm / ns^2)
4.64019e-25  4.637e-25  4.63183e-25
6.97771e-27  4.95863e-25  4.95189e-25
-6.97772e-27  4.95863e-25  4.95189e-25
-4.64019e-25  4.637e-25  4.63183e-25
4.95884e-25  5.642e-27  4.93342e-25
8.82407e-27  7.19045e-27  5.30229e-25
-8.82407e-27  7.19044e-27  5.30229e-25
-4.95884e-25  5.64193e-27  4.93342e-25
4.95121e-25  -8.04467e-27  4.89084e-25
8.66751e-27  -1.03011e-26  5.24833e-25
-8.66752e-27  -1.03011e-26  5.24833e-25
-4.95121e-25  -8.04469e-27  4.89084e-25
4.6282e-25  -4.63139e-25  4.56949e-25
6.70893e-27  -4.95142e-25  4.87238e-25
-6.70894e-27  -4.95142e-25  4.87238e-25
-4.6282e-25  -4.63139e-25  4.56949e-25
4.94683e-25  4.92921e-25  -1.09948e-27
8.55596e-27  5.29691e-25  -1.42164e-27
-8.55596e-27  5.29691e-25  -1.42164e-27
-4.94683e-25  4.92921e-25  -1.09955e-27
5.26547e-25  -2.3579e-26  -3.12588e-26
1.04023e-26  -2.66381e-26  -3.64621e-26
-1.04023e-26  -2.66381e-26  -3.64621e-26
-5.26547e-25  -2.35791e-26  -3.12588e-26
5.00638e-25  -3.89384e-26  -4.55423e-25
9.24556e-27  -4.6286e-26  -4.8526e-25
-9.24556e-27  -4.6286e-26  -4.8526e-25
-5.00638e-25  -3.89385e-26  -4.55423e-25
4.632e-25  -4.64961e-25  -4.55423e-25
6.80341e-27  -4.97494e-25  -4.8526e-25
-6.80342e-27  -4.97494e-25  -4.8526e-25
-4.632e-25  -4.64961e-25  -4.55423e-25
4.63202e-25  4.59179e-25  -4.6361e-25
6.80274e-27  4.90121e-25  -4.95745e-25
-6.80275e-27  4.90121e-25  -4.95745e-25
-4.63202e-25  4.59179e-25  -4.6361e-25
4.69212e-25  -4.2278e-25  -4.95745e-25
7.51076e-27  -4.47004e-25  -5.3334e-25
-7.51074e-27  -4.47004e-25  -5.3334e-25
-4.69212e-25  -4.2278e-25  -4.95745e-25
