fx, fy, fz (kg nm / ns^2)
1.22692e-22  1.22692e-22  1.22692e-22
2.17147e-24  1.30769e-22  1.30769e-22
2.80777e-25  1.31056e-22  1.31056e-22
6.90077e-26  1.31081e-22  1.31081e-22
2.22693e-26  1.31084e-22  1.31084e-22
-2.22693e-26  1.31084e-22  1.31084e-22
-6.90077e-26  1.31081e-22  1.31081e-22
-2.80777e-25  1.31056e-22  1.31056e-22
-2.17147e-24  1.30769e-22  1.30769e-22
-1.22692e-22  1.22692e-22  1.22692e-22
1.30769e-22  2.17147e-24  1.30769e-22
2.6712e-24  2.6712e-24  1.40086e-22
3.31142e-25  2.76857e-24  1.40443e-22
7.68768e-26  2.78613e-24  1.40472e-22
2.39014e-26  2.7899e-24  1.40476e-22
-2.39014e-26  2.7899e-24  1.40476e-22
-7.68768e-26  2.78613e-24  1.40472e-22
-3.31142e-25  2.76857e-24  1.40443e-22
-2.6712e-24  2.6712e-24  1.40086e-22
-1.30769e-22  2.17147e-24  1.30769e-22
1.31056e-22  2.80777e-25  1.31056e-22
2.76857e-24  3.31142e-25  1.40443e-22
3.53935e-25  3.53935e-25  1.40813e-22
8.23966e-26  3.61436e-25  1.40844e-22
2.53726e-26  3.6378e-25  1.40848e-22
-2.53726e-26  3.6378e-25  1.40848e-22
-8.23966e-26  3.61436e-25  1.40844e-22
-3.53935e-25  3.53935e-25  1.40813e-22
-2.76857e-24  3.31142e-25  1.40443e-22
-1.31056e-22  2.80777e-25  1.31056e-22
1.31081e-22  6.90077e-26  1.31081e-22
2.78613e-24  7.68768e-26  1.40472e-22
3.61436e-25  8.23966e-26  1.40844e-22
8.51112e-26  8.51112e-26  1.40876e-22
2.63166e-26  8.62659e-26  1.4088e-22
-2.63166e-26  8.62659e-26  1.4088e-22
-8.51112e-26  8.51112e-26  1.40876e-22
-3.61436e-25  8.23966e-26  1.40844e-22
-2.78613e-24  7.68768e-26  1.40472e-22
-1.31081e-22  6.90077e-26  1.31081e-22
1.31084e-22  2.22693e-26  1.31084e-22
2.7899e-24  2.39014e-26  1.40476e-22
3.6378e-25  2.53726e-26  1.40848e-22
8.62659e-26  2.63166e-26  1.4088e-22
2.68257e-26  2.68257e-26  1.40885e-22
-2.68257e-26  2.68257e-26  1.40885e-22
-8.62659e-26  2.63166e-26  1.4088e-22
-3.6378e-25  2.53726e-26  1.40848e-22
-2.7899e-24  2.39014e-26  1.40476e-22
-1.31084e-22  2.22693e-26  1.31084e-22
1.31084e-22  -2.22693e-26  1.31084e-22
2.7899e-24  -2.39014e-26  1.40476e-22
3.6378e-25  -2.53726e-26  1.40848e-22
8.62659e-26  -2.63166e-26  1.4088e-22
2.68257e-26  -2.68257e-26  1.40885e-22
-2.68257e-26  -2.68257e-26  1.40885e-22
-8.62659e-26  -2.63166e-26  1.4088e-22
-3.6378e-25  -2.53726e-26  1.40848e-22
-2.7899e-24  -2.39014e-26  1.40476e-22
-1.31084e-22  -2.22693e-26  1.31084e-22
1.31081e-22  -6.90077e-26  1.31081e-22
2.78613e-24  -7.68768e-26  1.40472e-22
3.61436e-25  -8.23966e-26  1.40844e-22
8.51112e-26  -8.51112e-26  1.40876e-22
2.63166e-26  -8.62659e-26  1.4088e-22
-2.63166e-26  -8.62659e-26  1.4088e-22
-8.51112e-26  -8.51112e-26  1.40876e-22
-3.61436e-25  -8.23966e-26  1.40844e-22
-2.78613e-24  -7.68768e-26  1.40472e-22
-1.31081e-22  -6.90077e-26  1.31081e-22
1.31056e-22  -2.80777e-25  1.31056e-22
2.76857e-24  -3.31142e-25  1.40443e-22
3.53935e-25  -3.53935e-25  1.40813e-22
8.23966e-26  -3.61436e-25  1.40844e-22
2.53726e-26  -3.6378e-25  1.40848e-22
-2.53726e-26  -3.6378e-25  1.40848e-22
-8.23966e-26  -3.61436e-25  1.40792e-22
-3.53935e-25  -3.53935e-25  1.40813e-22
-2.76857e-24  -3.31142e-25  1.40443e-22
-1.31056e-22  -2.80777e-25  1.31056e-22
1.30769e-22  -2.17147e-24  1.30769e-22
2.6712e-24  -2.6712e-24  1.40086e-22
3.31142e-25  -2.76857e-24  1.40443e-22
7.68768e-26  -2.78613e-24  1.40472e-22
2.39014e-26  -2.7899e-24  1.40476e-22
-2.39014e-26  -2.7899e-24  1.40476e-22
-7.68768e-26  -2.78613e-24  1.40472e-22
-3.31142e-25  -2.76857e-24  1.40443e-22
-2.6712e-24  -2.6712e-24  1.40086e-22
-1.30769e-22  -2.17147e-24  1.30769e-22
1.22692e-22  -1.22692e-22  1.22692e-22
2.17147e-24  -1.30769e-22  1.30769e-22
2.80777e-25  -1.31056e-22  1.31056e-22
6.90077e-26  -1.31081e-22  1.31081e-22
2.22693e-26  -1.31084e-22  1.31084e-22
-2.22693e-26  -1.31084e-22  1.31084e-22
-6.90077e-26  -1.31081e-22  1.31081e-22
-2.80777e-25  -1.31056e-22  1.31056e-22
-2.17147e-24  -1.30769e-22  1.30769e-22
-1.22692e-22  -1.22692e-22  1.22692e-22
1.30769e-22  1.30769e-22  2.17147e-24
2.6712e-24  1.40086e-22  2.6712e-24
3.31142e-25  1.4044e-22  2.76857e-24
7.68768e-26  1.40472e-22  2.78613e-24
2.39014e-26  1.40476e-22  2.7899e-24
-2.39014e-26  1.40476e-22  2.7899e-24
-7.68768e-26  1.40472e-22  2.78613e-24
-3.31142e-25  1.40443e-22  2.76954e-24
-2.6712e-24  1.40086e-22  2.6712e-24
-1.30769e-22  1.30769e-22  2.17147e-24
1.40086e-22  2.6712e-24  2.6712e-24
3.29276e-24  3.29276e-24  3.29276e-24
3.92108e-25  3.41204e-24  3.41204e-24
8.59248e-26  3.43262e-24  3.43262e-24
2.57011e-26  3.43684e-24  3.43684e-24
-2.57011e-26  3.43684e-24  3.43684e-24
-8.59248e-26  3.43262e-24  3.43262e-24
-3.92108e-25  3.41204e-24  3.41204e-24
-3.29276e-24  3.29276e-24  3.29276e-24
-1.40086e-22  2.6712e-24  2.6712e-24
1.40443e-22  3.31142e-25  2.76857e-24
3.41204e-24  3.92108e-25  3.41204e-24
4.18914e-25  4.18914e-25  3.53832e-24
9.21436e-26  4.27427e-25  3.56045e-24
2.73036e-26  4.30276e-25  3.5652e-24
-2.73036e-26  4.30002e-25  3.56499e-24
-9.21436e-26  4.27427e-25  3.56045e-24
-4.18914e-25  4.18914e-25  3.53832e-24
-3.41204e-24  3.92108e-25  3.41204e-24
-1.40443e-22  3.31142e-25  2.76857e-24
1.40472e-22  7.68768e-26  2.78613e-24
3.43262e-24  8.59248e-26  3.43262e-24
4.27427e-25  9.21436e-26  3.56045e-24
9.51313e-26  9.51313e-26  3.58309e-24
2.83174e-26  9.63751e-26  3.58778e-24
-2.83174e-26  9.63751e-26  3.58778e-24
-9.51313e-26  9.51313e-26  3.58309e-24
-4.27427e-25  9.09737e-26  3.56045e-24
-3.43262e-24  8.59248e-26  3.43262e-24
-1.40472e-22  7.68768e-26  2.78613e-24
1.40476e-22  2.39014e-26  2.7899e-24
3.43684e-24  2.57011e-26  3.43684e-24
4.30002e-25  2.73036e-26  3.56499e-24
9.63751e-26  2.83174e-26  3.58778e-24
2.88566e-26  2.88566e-26  3.59254e-24
-2.88566e-26  2.88566e-26  3.59254e-24
-9.63751e-26  2.83174e-26  3.58778e-24
-4.30033e-25  2.73036e-26  3.56499e-24
-3.43684e-24  2.57011e-26  3.43684e-24
-1.40476e-22  2.39014e-26  2.7899e-24
1.40476e-22  -2.39014e-26  2.7899e-24
3.43684e-24  -2.57011e-26  3.43684e-24
4.30002e-25  -2.73036e-26  3.56499e-24
9.63751e-26  -2.83174e-26  3.58778e-24
2.88566e-26  -2.88566e-26  3.59254e-24
-2.8602e-26  -2.88566e-26  3.59254e-24
-9.62033e-26  -2.83174e-26  3.58778e-24
-4.30002e-25  -2.73036e-26  3.56499e-24
-3.43684e-24  -2.57011e-26  3.43684e-24
-1.40476e-22  -2.39014e-26  2.7899e-24
1.40472e-22  -7.68768e-26  2.78613e-24
3.43262e-24  -8.59248e-26  3.43262e-24
4.27427e-25  -9.21436e-26  3.56045e-24
9.51313e-26  -9.51313e-26  3.58309e-24
2.83174e-26  -9.63751e-26  3.58778e-24
-2.83174e-26  -9.63751e-26  3.58778e-24
-9.51313e-26  -9.51313e-26  3.58309e-24
-4.27427e-25  -9.21436e-26  3.56045e-24
-3.43262e-24  -8.59248e-26  3.43262e-24
-1.4049e-22  -7.65529e-26  2.78621e-24
1.40443e-22  -3.31142e-25  2.76857e-24
3.41204e-24  -3.92108e-25  3.41204e-24
4.18914e-25  -4.18914e-25  3.53832e-24
9.21436e-26  -4.27427e-25  3.56045e-24
2.73036e-26  -4.30002e-25  3.56499e-24
-2.73036e-26  -4.28832e-25  3.56499e-24
-9.21436e-26  -4.27427e-25  3.56045e-24
-4.18914e-25  -4.18914e-25  3.53832e-24
-3.41197e-24  -3.92045e-25  3.41201e-24
-1.40443e-22  -3.31142e-25  2.76857e-24
1.40086e-22  -2.6712e-24  2.6712e-24
4.61259e-24  -1.97293e-24  4.78366e-24
3.92108e-25  -3.41204e-24  3.41204e-24
1.07834e-25  -3.43231e-24  3.43262e-24
2.54371e-26  -3.51869e-24  3.43684e-24
-2.57011e-26  -3.43684e-24  3.43684e-24
-8.61527e-26  -3.43376e-24  3.43262e-24
-3.92108e-25  -3.41204e-24  3.41204e-24
-3.29276e-24  -3.29276e-24  3.29276e-24
-1.40084e-22  -2.6712e-24  2.6712e-24
1.30769e-22  -1.30769e-22  2.17147e-24
2.6712e-24  -1.40086e-22  2.6712e-24
3.31142e-25  -1.40443e-22  2.76857e-24
7.67398e-26  -1.40472e-22  2.78613e-24
2.39014e-26  -1.40476e-22  2.79013e-24
-2.40723e-26  -1.39156e-22  4.10973e-24
-7.68768e-26  -1.40471e-22  2.78393e-24
-3.31142e-25  -1.40443e-22  2.76857e-24
-2.6712e-24  -1.40086e-22  2.6712e-24
-1.30769e-22  -1.30769e-22  2.17147e-24
1.31056e-22  1.31056e-22  2.80777e-25
2.76857e-24  1.40443e-22  3.31142e-25
3.53935e-25  1.40813e-22  4.74527e-25
8.23966e-26  1.40844e-22  3.61436e-25
2.53726e-26  1.40848e-22  3.6378e-25
-2.53726e-26  1.40848e-22  3.6378e-25
-8.23966e-26  1.40844e-22  3.61436e-25
-3.53935e-25  1.40813e-22  3.53935e-25
-2.76857e-24  1.40443e-22  3.31142e-25
-1.31056e-22  1.31056e-22  2.80777e-25
1.40443e-22  2.76857e-24  3.31142e-25
3.41204e-24  3.41204e-24  3.92108e-25
4.18914e-25  3.53832e-24  4.18914e-25
9.21436e-26  3.56045e-24  4.27427e-25
2.73036e-26  3.56499e-24  4.30002e-25
-2.73036e-26  3.56499e-24  4.30025e-25
-9.21436e-26  3.56045e-24  4.27427e-25
-4.18914e-25  3.53832e-24  4.18914e-25
-3.41204e-24  3.41204e-24  3.92108e-25
-1.40443e-22  2.76857e-24  3.31142e-25
1.40813e-22  3.53935e-25  3.53935e-25
3.53832e-24  4.18914e-25  4.18914e-25
4.47716e-25  4.47716e-25  4.47716e-25
9.88387e-26  4.56884e-25  4.56884e-25
2.90172e-26  4.59643e-25  4.59643e-25
-2.90172e-26  4.59643e-25  4.59643e-25
-9.88387e-26  4.56884e-25  4.56884e-25
-4.47716e-25  4.47716e-25  4.47716e-25
-3.53832e-24  4.18914e-25  4.18914e-25
-1.40813e-22  3.53935e-25  3.53935e-25
1.40844e-22  8.23966e-26  3.61436e-25
3.56045e-24  9.21436e-26  4.27427e-25
4.56884e-25  9.88387e-26  4.56884e-25
1.02043e-25  1.02043e-25  4.66334e-25
3.00957e-26  1.03367e-25  4.69195e-25
-3.00957e-26  1.03367e-25  4.69195e-25
-1.02043e-25  1.02043e-25  4.66334e-25
-4.56884e-25  9.88387e-26  4.56884e-25
-3.56045e-24  9.21436e-26  4.27427e-25
-1.40844e-22  8.23966e-26  3.61436e-25
1.40848e-22  2.52422e-26  3.6378e-25
3.56499e-24  2.73036e-26  4.30002e-25
4.59643e-25  2.90172e-26  4.59643e-25
1.03488e-25  3.00957e-26  4.69195e-25
3.06655e-26  3.06655e-26  4.721e-25
-3.06655e-26  3.06655e-26  4.721e-25
-1.03367e-25  3.00957e-26  4.69195e-25
-4.59643e-25  2.90172e-26  4.59643e-25
-3.56499e-24  2.73036e-26  4.30002e-25
-1.40848e-22  2.53726e-26  3.6378e-25
1.40848e-22  -2.53726e-26  3.6378e-25
3.56499e-24  -2.73036e-26  4.30002e-25
4.59643e-25  -2.90172e-26  4.59643e-25
1.03367e-25  -3.00957e-26  4.69195e-25
3.06655e-26  -3.06655e-26  4.721e-25
-3.06655e-26  -3.06655e-26  4.721e-25
-1.03367e-25  -3.00957e-26  4.69195e-25
-4.59643e-25  -2.90172e-26  4.59643e-25
-3.56499e-24  -2.73036e-26  4.30002e-25
-1.40848e-22  -2.53726e-26  3.6378e-25
1.40844e-22  -8.23966e-26  3.61436e-25
3.56045e-24  -9.21436e-26  4.27427e-25
4.56884e-25  -9.88387e-26  4.56884e-25
1.01886e-25  -1.01949e-25  4.6624e-25
3.00957e-26  -1.03367e-25  4.69195e-25
-3.00957e-26  -1.03367e-25  4.69195e-25
-1.02043e-25  -1.02043e-25  4.66334e-25
-4.56884e-25  -9.88387e-26  4.6245e-25
-3.56761e-24  -9.44466e-26  1.06833e-22
-1.40844e-22  -8.23966e-26  3.61436e-25
1.40831e-22  -3.53935e-25  3.53935e-25
3.53832e-24  -4.18914e-25  4.18914e-25
4.47716e-25  -4.47716e-25  4.47716e-25
9.88387e-26  -4.56884e-25  4.56884e-25
2.90172e-26  -4.59643e-25  4.59643e-25
-2.90172e-26  -4.59643e-25  4.59643e-25
-9.88387e-26  -4.56884e-25  4.56884e-25
-4.47716e-25  -4.47716e-25  4.47716e-25
-3.53832e-24  -4.18914e-25  4.18914e-25
-1.40813e-22  -3.5375e-25  3.54694e-25
1.40443e-22  -2.76857e-24  3.31142e-25
3.41204e-24  -3.41204e-24  3.92108e-25
4.18914e-25  -3.53832e-24  4.18914e-25
9.21436e-26  -3.56045e-24  4.27427e-25
2.73036e-26  -3.56499e-24  4.30002e-25
-2.73036e-26  -3.56499e-24  4.30002e-25
-9.21436e-26  -3.56045e-24  4.27427e-25
-4.18914e-25  -3.53832e-24  4.18914e-25
-3.41204e-24  -3.41204e-24  3.92108e-25
-1.40443e-22  -2.76857e-24  3.22792e-25
1.31056e-22  -1.31056e-22  2.80777e-25
2.76857e-24  -1.40443e-22  3.31142e-25
3.53935e-25  -1.40813e-22  3.53935e-25
8.23966e-26  -1.40844e-22  3.61436e-25
2.53726e-26  -1.40848e-22  3.6378e-25
-2.54865e-26  -1.40849e-22  5.28785e-25
-8.23966e-26  -1.40844e-22  3.61436e-25
-3.53935e-25  -1.40813e-22  3.53935e-25
-2.76857e-24  -1.40443e-22  3.31142e-25
-1.31056e-22  -1.31056e-22  2.80777e-25
1.31081e-22  1.31081e-22  6.90077e-26
2.78605e-24  1.40472e-22  7.68926e-26
3.61436e-25  1.40844e-22  8.23966e-26
8.51112e-26  1.40876e-22  8.51112e-26
2.63166e-26  1.4088e-22  8.62659e-26
-2.63166e-26  1.4088e-22  8.62659e-26
-8.2438e-26  1.40876e-22  8.51112e-26
-3.61436e-25  1.40844e-22  8.23966e-26
-2.78613e-24  1.40472e-22  7.68768e-26
-1.31081e-22  1.31081e-22  6.90077e-26
1.40472e-22  2.78613e-24  7.68768e-26
3.43248e-24  3.43245e-24  8.59591e-26
4.27427e-25  3.56045e-24  9.21436e-26
9.39614e-26  3.58309e-24  9.51313e-26
2.83174e-26  3.58778e-24  9.63751e-26
-2.83174e-26  3.58778e-24  9.63751e-26
-9.51313e-26  3.58309e-24  9.51313e-26
-4.27427e-25  3.56045e-24  9.21436e-26
-3.43262e-24  3.43262e-24  8.59248e-26
-1.40472e-22  2.78613e-24  7.68768e-26
1.40844e-22  3.61436e-25  8.23966e-26
3.56045e-24  4.27427e-25  9.21436e-26
4.56884e-25  4.56884e-25  9.88387e-26
1.02043e-25  4.66334e-25  1.02043e-25
3.00957e-26  4.69195e-25  1.03367e-25
-3.00957e-26  4.69195e-25  1.03367e-25
-1.02043e-25  4.66334e-25  1.02043e-25
-4.56884e-25  4.56884e-25  9.88387e-26
-3.56045e-24  4.27427e-25  9.21436e-26
-1.40844e-22  3.61436e-25  8.23966e-26
1.40876e-22  8.40163e-26  8.59324e-26
3.58309e-24  9.51313e-26  9.51313e-26
4.66334e-25  1.02043e-25  1.02043e-25
1.05363e-25  1.05363e-25  1.05398e-25
3.1216e-26  1.06739e-25  1.06739e-25
-3.1216e-26  1.06739e-25  1.06739e-25
-8.90206e-26  1.0258e-25  9.70133e-26
-4.66334e-25  1.02043e-25  1.02043e-25
-3.58309e-24  9.51313e-26  9.51313e-26
-1.40876e-22  8.51112e-26  8.51112e-26
1.4088e-22  2.63166e-26  8.62659e-26
3.5897e-24  2.87822e-26  9.63751e-26
4.69195e-25  3.00957e-26  1.03367e-25
1.06739e-25  -6.64757e-24  6.78552e-24
3.18078e-26  3.18078e-26  1.08141e-25
-3.18078e-26  3.18078e-26  1.08141e-25
-1.06739e-25  3.1216e-26  1.06739e-25
-4.69195e-25  3.00957e-26  1.03367e-25
-3.58778e-24  2.83174e-26  9.63751e-26
-1.4088e-22  2.63166e-26  8.62659e-26
1.4088e-22  -2.63166e-26  8.62659e-26
3.58778e-24  -2.83174e-26  9.63751e-26
4.69195e-25  -3.00957e-26  1.03367e-25
1.06739e-25  -3.1216e-26  1.06739e-25
3.17222e-26  -3.17222e-26  1.08141e-25
-3.18078e-26  -2.66869e-26  1.09422e-25
-1.06739e-25  -3.1216e-26  1.06739e-25
-4.69195e-25  -3.00957e-26  1.03367e-25
-3.58778e-24  -2.83174e-26  9.63751e-26
-1.4088e-22  -2.63166e-26  8.62659e-26
1.40876e-22  -8.51112e-26  8.51112e-26
3.58283e-24  -9.52852e-26  9.52339e-26
4.719e-25  -1.16057e-25  9.45552e-26
1.05363e-25  -1.05363e-25  1.05684e-25
3.1216e-26  -1.06739e-25  1.06739e-25
-3.1216e-26  -1.06739e-25  1.06739e-25
-1.05684e-25  -1.05363e-25  1.05363e-25
-4.66334e-25  -1.02043e-25  1.02043e-25
-3.58309e-24  -9.50734e-26  9.51313e-26
-1.40876e-22  -8.51112e-26  8.51112e-26
1.40844e-22  -3.61436e-25  8.23966e-26
3.56045e-24  -4.27427e-25  9.21436e-26
4.56884e-25  -4.56884e-25  9.88387e-26
1.02043e-25  -4.66334e-25  1.02043e-25
3.00957e-26  -4.69195e-25  1.03367e-25
-3.00957e-26  -4.69195e-25  1.03367e-25
-1.01341e-25  -4.65398e-25  1.02277e-25
-4.56884e-25  -4.56884e-25  9.88387e-26
-3.56121e-24  -4.33747e-25  9.94468e-26
-1.40844e-22  -3.61436e-25  8.23966e-26
1.40472e-22  -2.78613e-24  7.68768e-26
3.43232e-24  -3.43285e-24  8.59248e-26
4.27427e-25  -3.56045e-24  9.21436e-26
9.52054e-26  -3.58305e-24  9.50807e-26
2.80834e-26  -3.58662e-24  9.63751e-26
-2.83174e-26  -3.58778e-24  9.63751e-26
-9.49736e-26  -3.58349e-24  9.51313e-26
-4.27427e-25  -3.56045e-24  9.21436e-26
-3.43262e-24  -3.43262e-24  8.59248e-26
-1.40472e-22  -2.78613e-24  7.68768e-26
1.31081e-22  -1.31081e-22  6.90077e-26
2.78613e-24  -1.40472e-22  7.68768e-26
3.61436e-25  -1.40844e-22  8.23966e-26
8.42669e-26  -1.40876e-22  8.51112e-26
2.63166e-26  -1.4088e-22  8.62659e-26
-2.63166e-26  -1.4088e-22  8.62659e-26
-8.51112e-26  -1.40876e-22  8.51112e-26
-3.61436e-25  -1.40844e-22  8.23966e-26
-2.78613e-24  -1.40472e-22  7.68768e-26
-1.31081e-22  -1.31081e-22  6.90077e-26
1.31084e-22  1.31084e-22  2.22693e-26
2.7899e-24  1.40476e-22  2.39014e-26
3.6378e-25  1.40848e-22  2.53726e-26
8.62659e-26  1.4088e-22  2.63166e-26
2.68257e-26  1.40885e-22  2.68257e-26
-2.68257e-26  1.40885e-22  2.68257e-26
-8.62659e-26  1.4088e-22  2.63166e-26
-3.6378e-25  1.40848e-22  2.53726e-26
-2.7899e-24  1.40476e-22  2.39014e-26
-1.31084e-22  1.31084e-22  2.22693e-26
1.40476e-22  2.7899e-24  2.39014e-26
3.43684e-24  3.43684e-24  2.57011e-26
4.30002e-25  3.56499e-24  2.73036e-26
9.58286e-26  3.58778e-24  2.83174e-26
2.88566e-26  3.59254e-24  2.88566e-26
-2.88566e-26  3.59254e-24  2.88566e-26
-9.63751e-26  3.58778e-24  2.83174e-26
-4.30002e-25  3.56499e-24  2.73036e-26
-3.43684e-24  3.43684e-24  2.57011e-26
-1.40476e-22  2.7899e-24  2.39014e-26
1.40848e-22  3.6378e-25  2.53726e-26
3.56499e-24  4.30002e-25  2.73036e-26
4.59643e-25  4.59643e-25  2.90172e-26
1.03367e-25  4.69195e-25  3.00957e-26
3.06655e-26  4.721e-25  3.06655e-26
-3.06655e-26  4.721e-25  3.06655e-26
-1.03367e-25  4.69195e-25  3.00957e-26
-4.59643e-25  4.59643e-25  2.90172e-26
-3.56499e-24  4.30002e-25  2.73036e-26
-1.40848e-22  3.6378e-25  2.53726e-26
1.4088e-22  8.62659e-26  2.63166e-26
3.58778e-24  9.63751e-26  2.83174e-26
4.69195e-25  1.03367e-25  3.00957e-26
1.06739e-25  1.06739e-25  3.1216e-26
3.18078e-26  1.08141e-25  3.18078e-26
-3.18078e-26  1.08141e-25  3.18078e-26
-1.06953e-25  1.06383e-25  3.12872e-26
-4.69312e-25  1.03513e-25  3.01242e-26
-3.58778e-24  9.63751e-26  2.83174e-26
-1.4088e-22  8.62659e-26  2.63166e-26
1.40885e-22  2.61656e-26  2.69577e-26
3.59228e-24  2.81966e-26  2.88566e-26
4.721e-25  3.06655e-26  3.06655e-26
1.08141e-25  3.18078e-26  3.18078e-26
3.24125e-26  3.24125e-26  3.24125e-26
-3.24125e-26  3.24125e-26  3.24125e-26
-1.08141e-25  3.18078e-26  3.18078e-26
-4.721e-25  3.06655e-26  3.06655e-26
-3.59254e-24  2.88566e-26  2.88566e-26
-1.40885e-22  2.68257e-26  2.68257e-26
1.40885e-22  -2.6741e-26  2.68257e-26
3.59254e-24  -2.88566e-26  2.88566e-26
4.721e-25  -3.06655e-26  3.06655e-26
1.08141e-25  -3.18078e-26  3.18078e-26
3.24125e-26  -3.24125e-26  3.24125e-26
-3.24125e-26  -3.24125e-26  3.24125e-26
-1.08141e-25  -3.18078e-26  3.18078e-26
-4.721e-25  -3.06655e-26  3.06655e-26
-3.59254e-24  -2.88566e-26  2.88566e-26
-1.40885e-22  -2.68257e-26  2.68257e-26
1.4088e-22  -8.62659e-26  2.63166e-26
3.58778e-24  -9.63751e-26  2.83174e-26
4.69195e-25  -1.03367e-25  3.00957e-26
1.06739e-25  -1.06739e-25  3.1216e-26
3.16758e-26  -1.08141e-25  3.18078e-26
-3.16564e-26  -1.07952e-25  3.18078e-26
-1.06812e-25  -1.06685e-25  3.1216e-26
-4.69195e-25  -1.03367e-25  3.00957e-26
-3.58778e-24  -9.63751e-26  2.83174e-26
-1.4088e-22  -8.62659e-26  2.63166e-26
1.40848e-22  -3.6378e-25  2.53726e-26
3.56499e-24  -4.30002e-25  2.73036e-26
4.59643e-25  -4.59643e-25  2.90172e-26
1.03367e-25  -4.69195e-25  3.03095e-26
3.11987e-26  -4.72426e-25  3.06655e-26
-3.06655e-26  -4.721e-25  3.06655e-26
-1.03367e-25  -4.69195e-25  3.00957e-26
-4.59643e-25  -4.59643e-25  2.90172e-26
-3.56499e-24  -4.30002e-25  2.73036e-26
-1.40848e-22  -3.6378e-25  2.54354e-26
1.40476e-22  -2.7899e-24  2.39014e-26
3.43684e-24  -3.43684e-24  2.57011e-26
4.29851e-25  -3.5648e-24  2.73036e-26
9.63751e-26  -3.58778e-24  2.83174e-26
2.88566e-26  -3.59254e-24  2.88566e-26
-2.89314e-26  -3.59262e-24  2.88566e-26
-9.63751e-26  -3.58778e-24  2.83174e-26
-4.30002e-25  -3.56499e-24  2.74356e-26
-3.43591e-24  -3.43875e-24  2.61658e-26
-1.40476e-22  -2.7899e-24  2.39014e-26
1.31084e-22  -1.31084e-22  2.22693e-26
2.7899e-24  -1.40476e-22  2.39014e-26
3.6378e-25  -1.40848e-22  2.53726e-26
8.62659e-26  -1.4088e-22  2.63166e-26
2.68257e-26  -1.40885e-22  2.68257e-26
-2.68257e-26  -1.40885e-22  2.68257e-26
-8.62659e-26  -1.4088e-22  2.63166e-26
-3.6378e-25  -1.40848e-22  2.53726e-26
-2.7899e-24  -1.40476e-22  2.39014e-26
-1.31084e-22  -1.31084e-22  2.22693e-26
1.31084e-22  1.31084e-22  -2.22693e-26
2.7899e-24  1.40476e-22  -2.39014e-26
3.6378e-25  1.40848e-22  -2.53726e-26
8.62659e-26  1.4088e-22  -2.63166e-26
2.68257e-26  1.40885e-22  -2.68257e-26
-2.68257e-26  1.40885e-22  -2.68257e-26
-8.62659e-26  1.4088e-22  -2.63166e-26
-3.6378e-25  1.40848e-22  -2.53726e-26
-2.7899e-24  1.40476e-22  -2.39014e-26
-1.31084e-22  1.31084e-22  -2.22693e-26
1.40476e-22  2.7899e-24  -2.39014e-26
3.43684e-24  3.43684e-24  -2.57011e-26
4.30002e-25  3.56499e-24  -2.73036e-26
9.63751e-26  3.58778e-24  6.65047e-24
2.81008e-26  3.59254e-24  -2.85543e-26
-2.88566e-26  3.59254e-24  -2.88566e-26
-9.63751e-26  3.58778e-24  -2.83174e-26
-4.30002e-25  3.56499e-24  -2.73036e-26
-3.43684e-24  3.43684e-24  -2.57011e-26
-1.40476e-22  2.7899e-24  -2.39014e-26
1.40848e-22  3.6378e-25  -2.53726e-26
3.56499e-24  4.30002e-25  -2.73036e-26
4.59235e-25  4.59643e-25  -2.86093e-26
1.03367e-25  4.69195e-25  1.06376e-22
3.06655e-26  4.721e-25  -3.06655e-26
-3.06655e-26  4.721e-25  -3.06655e-26
-1.03367e-25  4.69195e-25  -3.00957e-26
-4.59643e-25  4.59643e-25  -2.90172e-26
-3.56499e-24  4.30002e-25  -2.73036e-26
-1.40848e-22  3.6378e-25  -2.53726e-26
1.40878e-22  8.54454e-26  -2.38552e-26
3.58778e-24  9.63751e-26  -2.83174e-26
4.69195e-25  1.03367e-25  -3.00957e-26
1.06739e-25  1.06739e-25  -3.1216e-26
3.18078e-26  1.08141e-25  -3.18078e-26
-3.18078e-26  1.07123e-25  -3.07892e-26
-1.06739e-25  1.06739e-25  -3.1216e-26
-4.69195e-25  1.03367e-25  -3.00957e-26
-3.58784e-24  9.63103e-26  -2.82364e-26
-1.4088e-22  8.62659e-26  -2.63166e-26
1.40885e-22  2.68941e-26  -2.6877e-26
3.59254e-24  2.88566e-26  -2.88566e-26
4.721e-25  3.06655e-26  -3.06655e-26
1.08141e-25  3.18078e-26  -3.16066e-26
3.24125e-26  3.24125e-26  -3.24125e-26
-3.24125e-26  3.24125e-26  -3.24125e-26
-1.08141e-25  3.18078e-26  -3.18078e-26
-4.721e-25  3.06655e-26  -3.06655e-26
-3.59274e-24  2.78506e-26  -2.86554e-26
-1.40885e-22  2.68257e-26  -2.68257e-26
1.40885e-22  -2.68257e-26  -2.68257e-26
3.59254e-24  -2.88566e-26  1.29097e-24
4.721e-25  -3.06655e-26  -3.79686e-26
1.08141e-25  -3.18078e-26  -3.18078e-26
3.24125e-26  -3.10439e-26  -3.24125e-26
-3.24125e-26  -3.24125e-26  -3.24125e-26
-1.90644e-25  -3.18078e-26  -3.18078e-26
-4.721e-25  -3.06655e-26  -3.06655e-26
-3.59254e-24  -2.88566e-26  -2.88566e-26
-1.40885e-22  -2.5457e-26  -2.68257e-26
1.4088e-22  -8.62659e-26  -2.63166e-26
3.58778e-24  -9.63751e-26  -2.83174e-26
4.69195e-25  -1.03367e-25  -3.00957e-26
1.06739e-25  -1.06739e-25  -3.1216e-26
3.18078e-26  -1.08141e-25  -3.18078e-26
-3.18078e-26  -1.08141e-25  -3.18078e-26
-1.06739e-25  -1.06739e-25  -3.1216e-26
-4.69195e-25  -1.03367e-25  -3.00957e-26
-3.58778e-24  -9.63751e-26  -2.83174e-26
-1.4088e-22  -8.62659e-26  -2.63166e-26
1.40848e-22  -3.64018e-25  -2.53726e-26
3.56499e-24  -4.30002e-25  -2.73036e-26
4.59643e-25  -4.59643e-25  6.64977e-24
1.03367e-25  -4.69195e-25  -3.00957e-26
3.06655e-26  -4.721e-25  -3.06655e-26
-3.06655e-26  -4.721e-25  -3.06655e-26
-1.03367e-25  -4.69195e-25  -3.00957e-26
-4.59341e-25  -4.58887e-25  -2.90172e-26
-3.57221e-24  -4.08012e-25  -2.73036e-26
-1.40848e-22  -3.6378e-25  -2.53726e-26
1.40476e-22  -2.7899e-24  -2.39014e-26
3.43684e-24  -3.43684e-24  -2.57011e-26
4.30002e-25  -3.56499e-24  -2.73036e-26
9.63751e-26  -3.58778e-24  -2.83029e-26
2.88566e-26  -3.59254e-24  -2.88566e-26
-2.88566e-26  -3.59254e-24  -2.88566e-26
-9.63751e-26  -3.58778e-24  -2.83174e-26
-4.30002e-25  -3.56499e-24  -2.73036e-26
-3.43684e-24  -3.43684e-24  -2.57011e-26
-1.40476e-22  -2.7899e-24  -2.39014e-26
1.31084e-22  -1.31084e-22  -2.22693e-26
2.7901e-24  -1.40476e-22  -2.38354e-26
3.6378e-25  -1.40848e-22  -2.53726e-26
8.62659e-26  -1.4088e-22  -2.63166e-26
2.67466e-26  -1.40885e-22  -2.68257e-26
-2.68257e-26  -1.40885e-22  -2.68257e-26
-8.62659e-26  -1.4088e-22  -2.63166e-26
-3.6378e-25  -1.40848e-22  -2.53726e-26
-2.7899e-24  -1.40476e-22  -2.39014e-26
-1.31084e-22  -1.31084e-22  -2.22693e-26
1.31081e-22  1.31081e-22  -6.90077e-26
2.78613e-24  1.40472e-22  -7.68768e-26
3.61436e-25  1.40844e-22  -8.23966e-26
8.51112e-26  1.40876e-22  -8.51112e-26
2.63166e-26  1.4088e-22  -8.62659e-26
-2.63166e-26  1.4088e-22  -8.62659e-26
-8.51112e-26  1.40876e-22  -8.51112e-26
-3.61436e-25  1.40844e-22  -8.23966e-26
-2.78613e-24  1.40472e-22  -7.68768e-26
-1.31081e-22  1.31081e-22  -6.90077e-26
1.40472e-22  2.78613e-24  -7.68768e-26
3.43262e-24  3.43262e-24  -8.59248e-26
4.27427e-25  3.56045e-24  -9.21436e-26
9.49034e-26  3.58309e-24  -9.51313e-26
2.84713e-26  3.58717e-24  -9.61614e-26
-2.83174e-26  3.58778e-24  -9.63751e-26
-9.51313e-26  3.58309e-24  -9.51313e-26
-4.27427e-25  3.56045e-24  -9.21436e-26
-3.43262e-24  3.43262e-24  -8.59248e-26
-1.40472e-22  2.78588e-24  -7.6814e-26
1.40844e-22  3.61673e-25  -8.22813e-26
3.56004e-24  4.27977e-25  -9.21436e-26
4.56884e-25  4.56884e-25  -9.88387e-26
1.02043e-25  4.66334e-25  -1.02043e-25
3.00957e-26  4.69195e-25  -1.03367e-25
-3.00957e-26  4.69195e-25  -1.03367e-25
-1.01589e-25  4.66031e-25  -1.02043e-25
-4.56629e-25  4.56756e-25  -9.85841e-26
-3.56031e-24  4.27375e-25  -9.20393e-26
-1.40844e-22  3.61436e-25  -8.23966e-26
1.40876e-22  8.51112e-26  -8.51112e-26
3.58309e-24  9.51313e-26  -9.51313e-26
4.66334e-25  1.02043e-25  -1.02043e-25
1.05363e-25  1.05363e-25  -1.05363e-25
3.1216e-26  9.23173e-26  -1.06739e-25
-3.1216e-26  1.06739e-25  -1.06739e-25
-1.05363e-25  1.05666e-25  -1.04607e-25
-4.66202e-25  1.02307e-25  -1.01383e-25
-3.58306e-24  9.51313e-26  -9.51313e-26
-1.40876e-22  8.50703e-26  -8.5153e-26
1.4088e-22  2.63166e-26  -8.62659e-26
3.58778e-24  2.83174e-26  -9.63751e-26
4.69195e-25  -3.12053e-25  -1.03367e-25
1.06739e-25  3.1137e-26  -1.06723e-25
3.18078e-26  3.18078e-26  -1.08141e-25
-3.18078e-26  3.18078e-26  -1.08141e-25
-1.06559e-25  3.07652e-26  -1.06739e-25
-4.69041e-25  2.98393e-26  -1.03265e-25
-3.58662e-24  2.83174e-26  -9.61412e-26
-1.40881e-22  2.63166e-26  -8.62659e-26
1.40858e-22  -1.90135e-26  -8.62659e-26
3.58778e-24  -2.89221e-26  -9.63751e-26
4.69195e-25  -3.00444e-26  -1.03111e-25
1.06739e-25  -3.1216e-26  -1.06739e-25
3.18078e-26  -3.18078e-26  -1.08141e-25
-3.18078e-26  -3.18078e-26  -1.08141e-25
-1.06739e-25  -3.1216e-26  -1.06739e-25
-4.69195e-25  -3.00957e-26  -1.03367e-25
-3.58744e-24  -2.83728e-26  -9.63751e-26
-1.4088e-22  -2.62228e-26  -8.61095e-26
1.40876e-22  -8.51704e-26  -8.50533e-26
3.58309e-24  -9.51313e-26  -9.51313e-26
4.65806e-25  -1.01119e-25  -1.01779e-25
1.57573e-25  -1.05363e-25  -5.31541e-26
3.1216e-26  -1.06739e-25  -1.06739e-25
-3.1216e-26  -1.06739e-25  -1.06739e-25
-1.19063e-25  -9.21875e-26  -1.02198e-25
-5.48836e-25  -2.67048e-25  -1.02043e-25
-3.58346e-24  -9.47663e-26  -9.51313e-26
-1.40793e-22  -2.50116e-25  -8.51112e-26
1.40844e-22  -3.61436e-25  -8.23966e-26
3.56045e-24  -4.27427e-25  -9.19873e-26
4.56884e-25  -4.56884e-25  -9.88387e-26
1.02043e-25  -4.66334e-25  -1.02043e-25
3.28075e-26  -4.71604e-25  -9.95268e-26
-3.00957e-26  -4.68964e-25  -1.03288e-25
-1.02043e-25  -4.66334e-25  -1.02043e-25
-4.56923e-25  -4.56884e-25  -9.88387e-26
-3.56045e-24  -4.27427e-25  -9.21436e-26
-1.40844e-22  -3.61436e-25  -8.23966e-26
1.40472e-22  -2.78604e-24  -7.68768e-26
3.43262e-24  -3.43262e-24  -8.59248e-26
4.27427e-25  -3.57137e-24  -6.00662e-26
9.51313e-26  -3.58309e-24  -9.51313e-26
2.83174e-26  -3.58778e-24  -9.63751e-26
-2.83174e-26  -3.58778e-24  -9.63751e-26
-9.50665e-26  -3.58314e-24  -9.50503e-26
-4.27427e-25  -3.56031e-24  -9.21436e-26
-3.43262e-24  -3.43262e-24  -8.59248e-26
-1.40472e-22  -2.78613e-24  -7.68768e-26
1.31081e-22  -1.31081e-22  -6.90077e-26
2.78613e-24  -1.40472e-22  -7.68768e-26
3.61436e-25  -1.40844e-22  -8.23966e-26
8.51112e-26  -1.40876e-22  -8.51112e-26
2.63166e-26  -1.4088e-22  -8.62659e-26
-2.63166e-26  -1.4088e-22  -8.61081e-26
-8.51112e-26  -1.40876e-22  -8.51112e-26
-3.61436e-25  -1.40844e-22  -7.72757e-26
-2.78724e-24  -1.40474e-22  -7.44622e-26
-1.31081e-22  -1.31081e-22  -6.90077e-26
1.31056e-22  1.31056e-22  -2.79565e-25
2.76857e-24  1.40443e-22  -3.31142e-25
3.53935e-25  1.40813e-22  -3.53935e-25
8.23966e-26  1.40844e-22  -3.61436e-25
2.53726e-26  1.40848e-22  -3.6378e-25
-2.53726e-26  1.40848e-22  -3.6378e-25
-8.16947e-26  1.40844e-22  -3.60575e-25
-3.53935e-25  1.40813e-22  -3.53935e-25
-2.76857e-24  1.40443e-22  -3.31142e-25
-1.31056e-22  1.31056e-22  -2.80777e-25
1.40443e-22  2.76854e-24  -3.31142e-25
3.41204e-24  3.41204e-24  -3.92108e-25
4.18914e-25  3.53832e-24  -4.18914e-25
9.21436e-26  3.56045e-24  -4.27427e-25
2.76642e-26  3.5649e-24  -4.29641e-25
-2.73036e-26  3.56499e-24  -4.29738e-25
-9.19633e-26  3.56047e-24  -4.27247e-25
-4.18686e-25  3.53829e-24  6.25982e-24
-3.4121e-24  3.41196e-24  -3.92108e-25
-1.40443e-22  2.76857e-24  -3.31012e-25
1.40805e-22  3.53935e-25  -3.53935e-25
3.53822e-24  4.18756e-25  -4.19044e-25
4.47606e-25  4.47438e-25  -4.47716e-25
9.88387e-26  4.57151e-25  -4.56884e-25
2.90172e-26  4.59384e-25  -4.60307e-25
-2.89033e-26  4.59415e-25  -4.60226e-25
-9.88387e-26  4.56884e-25  -4.56884e-25
-4.47716e-25  4.47716e-25  -4.47716e-25
-3.53832e-24  4.18914e-25  -4.18914e-25
-1.40813e-22  3.53935e-25  -3.53935e-25
1.40844e-22  8.23966e-26  -3.61436e-25
3.56045e-24  9.21436e-26  -4.27427e-25
4.56884e-25  9.88387e-26  -4.56923e-25
1.01872e-25  1.01872e-25  -4.66334e-25
3.00167e-26  1.03288e-25  -4.69195e-25
-2.77256e-26  1.04296e-25  -4.69518e-25
-1.01815e-25  1.01929e-25  -4.66334e-25
-4.56695e-25  9.87759e-26  -4.56884e-25
-3.56236e-24  9.28839e-26  -4.27276e-25
-1.40844e-22  8.24416e-26  -3.61436e-25
1.40849e-22  2.41113e-26  -3.62519e-25
3.56499e-24  2.73036e-26  -4.30002e-25
4.58999e-25  3.03064e-26  -4.54721e-25
1.03367e-25  3.00957e-26  -4.69195e-25
3.06655e-26  3.06655e-26  -4.721e-25
-3.06655e-26  3.06655e-26  -4.721e-25
-1.03435e-25  3.0109e-26  -4.69263e-25
-4.59643e-25  2.90172e-26  -4.59643e-25
-3.56499e-24  2.73036e-26  -4.30002e-25
-1.40848e-22  2.53726e-26  -3.6378e-25
1.40848e-22  -2.53726e-26  -3.6378e-25
3.56469e-24  -2.65477e-26  -4.30002e-25
4.59643e-25  -2.90172e-26  -4.59643e-25
1.03367e-25  -3.00957e-26  -4.69195e-25
3.06655e-26  -3.06655e-26  -4.721e-25
-3.06655e-26  -3.06655e-26  -4.721e-25
-1.03367e-25  -3.00957e-26  -4.69195e-25
-4.59643e-25  -2.90172e-26  -4.59643e-25
-3.56499e-24  -2.73036e-26  -4.30002e-25
-1.40848e-22  -2.53726e-26  -3.6378e-25
1.40845e-22  -8.23966e-26  -3.61436e-25
3.56045e-24  -9.21436e-26  -4.27427e-25
4.56265e-25  -9.81541e-26  -4.04674e-25
1.02043e-25  -1.02043e-25  -4.66334e-25
3.00957e-26  -1.01999e-25  -4.69195e-25
-3.00957e-26  -1.03367e-25  -4.70213e-25
-1.02043e-25  -1.02043e-25  -4.66334e-25
-4.56925e-25  -9.87978e-26  -4.56859e-25
-3.56045e-24  -9.21436e-26  -4.27427e-25
-1.40844e-22  -8.23966e-26  -3.61436e-25
1.40813e-22  -3.53935e-25  -3.53798e-25
3.53832e-24  -4.18914e-25  -4.18914e-25
4.47716e-25  -4.47716e-25  -4.47716e-25
9.88387e-26  -4.56884e-25  -4.56884e-25
2.90172e-26  -4.59643e-25  -4.59643e-25
-3.12164e-26  -4.58544e-25  -4.60193e-25
-9.88387e-26  -4.56884e-25  -4.56884e-25
-4.47716e-25  -4.47716e-25  -4.47716e-25
-3.53e-24  -4.24364e-25  -4.18914e-25
-1.40813e-22  -3.53935e-25  -3.53935e-25
1.40443e-22  -2.76857e-24  -3.31142e-25
3.41204e-24  -3.41204e-24  -3.92108e-25
4.18914e-25  -3.53832e-24  -4.18914e-25
9.21436e-26  -3.56045e-24  -4.27427e-25
2.73036e-26  -3.56499e-24  -4.30002e-25
-2.73036e-26  -3.56499e-24  -4.30002e-25
-9.21436e-26  -3.56045e-24  -4.27427e-25
-4.18914e-25  -3.53832e-24  -4.18914e-25
-3.41204e-24  -3.41204e-24  -3.92108e-25
-1.40443e-22  -2.76857e-24  -3.31142e-25
1.31056e-22  -1.31056e-22  -2.80777e-25
2.76857e-24  -1.40443e-22  -3.31142e-25
3.54491e-25  -1.40812e-22  -3.55078e-25
7.96133e-26  -1.40836e-22  -3.5587e-25
2.53726e-26  -1.40848e-22  -3.6378e-25
-2.53726e-26  -1.40848e-22  -3.6378e-25
-7.98362e-26  -1.4084e-22  -3.61436e-25
-3.53935e-25  -1.40813e-22  -3.53935e-25
-2.76857e-24  -1.40443e-22  -3.31142e-25
-1.31056e-22  -1.31056e-22  -2.80777e-25
1.30769e-22  1.30769e-22  -2.17147e-24
2.6712e-24  1.40086e-22  -2.6712e-24
3.31142e-25  1.40443e-22  -2.76857e-24
7.68768e-26  1.40472e-22  -2.78613e-24
2.39014e-26  1.40476e-22  -2.7899e-24
-2.39014e-26  1.40476e-22  -2.7899e-24
-7.68768e-26  1.40472e-22  -2.78613e-24
-3.31142e-25  1.40443e-22  -2.76857e-24
-2.6712e-24  1.40086e-22  -2.6712e-24
-1.30769e-22  1.30769e-22  -2.17147e-24
1.40086e-22  2.6712e-24  -2.6712e-24
3.29276e-24  3.29276e-24  -3.29276e-24
3.92108e-25  3.41204e-24  -3.41204e-24
8.59248e-26  3.43262e-24  -3.43262e-24
2.57524e-26  3.43676e-24  -3.43684e-24
-2.56606e-26  3.43679e-24  -3.4368e-24
-8.59248e-26  3.43262e-24  -3.43262e-24
-3.92014e-25  3.41204e-24  -3.41121e-24
-3.2929e-24  3.29295e-24  -3.29284e-24
-1.40086e-22  2.67115e-24  -2.67117e-24
1.40443e-22  3.31142e-25  -2.76857e-24
3.41204e-24  3.92108e-25  -3.41204e-24
4.18914e-25  -1.05987e-22  -3.53832e-24
9.21436e-26  4.27427e-25  -3.56045e-24
2.73036e-26  4.30002e-25  -3.56499e-24
-2.73036e-26  4.30002e-25  -3.56499e-24
-9.21436e-26  4.27427e-25  -3.56045e-24
-4.19031e-25  4.1906e-25  -3.5383e-24
-3.43761e-24  3.92108e-25  -3.41204e-24
-1.40443e-22  3.31142e-25  -2.76857e-24
1.40472e-22  7.68768e-26  -2.78613e-24
3.43262e-24  8.56847e-26  -3.4323e-24
4.27427e-25  9.21436e-26  -3.56045e-24
9.51313e-26  9.51313e-26  -3.58309e-24
1.76249e-26  9.39137e-26  -3.55571e-24
-2.83174e-26  9.63751e-26  -3.58778e-24
-9.51313e-26  9.51313e-26  -3.58309e-24
-4.27427e-25  9.21436e-26  -3.56045e-24
-3.43262e-24  8.59248e-26  -3.43262e-24
-1.40472e-22  7.71791e-26  -2.7881e-24
1.40476e-22  2.39014e-26  -2.7899e-24
3.43684e-24  2.57011e-26  -3.43684e-24
4.29837e-25  2.74667e-26  -3.56515e-24
9.63751e-26  2.83174e-26  -3.58778e-24
2.88566e-26  2.76867e-26  -3.59231e-24
-2.88566e-26  2.88566e-26  -3.59254e-24
-9.63751e-26  2.83174e-26  -3.58778e-24
-4.29548e-25  2.70012e-26  -3.56439e-24
-3.43684e-24  2.57011e-26  -3.43684e-24
-1.40502e-22  3.2123e-26  -2.7899e-24
1.40477e-22  -2.47456e-26  -2.7899e-24
3.35434e-24  -2.57011e-26  -3.51935e-24
4.30002e-25  -2.73036e-26  -3.56753e-24
9.63751e-26  -2.83174e-26  -3.58778e-24
2.88566e-26  -2.88566e-26  -3.59254e-24
-2.88566e-26  -2.88566e-26  -3.59254e-24
-9.62377e-26  -2.81456e-26  -3.58775e-24
-1.74983e-24  -1.34713e-24  -2.24516e-24
-3.43921e-24  -2.57011e-26  -3.43921e-24
-1.40476e-22  -2.39014e-26  -2.7899e-24
1.40472e-22  -7.68768e-26  -2.78613e-24
3.43262e-24  -8.60203e-26  -3.43262e-24
4.27427e-25  -9.21436e-26  -3.56045e-24
8.78282e-26  -1.17041e-25  -3.58948e-24
2.83174e-26  -9.63751e-26  -3.58778e-24
-2.8349e-26  -9.62173e-26  -3.58778e-24
-9.52852e-26  -9.52339e-26  -3.58283e-24
-4.27427e-25  -9.21436e-26  -3.56045e-24
-3.4244e-24  -8.59248e-26  -3.4582e-24
-1.40473e-22  -7.68768e-26  -2.78613e-24
1.40443e-22  -3.31142e-25  -2.76857e-24
3.41204e-24  -3.92108e-25  -3.41201e-24
4.20532e-25  -4.21061e-25  -3.53824e-24
9.2399e-26  -4.26666e-25  -3.5611e-24
-5.50975e-26  -3.47696e-25  -3.56491e-24
-2.73036e-26  -4.30002e-25  -3.56499e-24
-9.08071e-26  -4.27427e-25  -3.56039e-24
-4.18994e-25  -4.10693e-25  -3.53832e-24
-3.41204e-24  -3.92108e-25  -3.41204e-24
-1.40443e-22  -3.31108e-25  -2.76839e-24
1.40086e-22  -2.6712e-24  -2.6712e-24
3.29276e-24  -3.29276e-24  -3.29276e-24
3.92179e-25  -3.43769e-24  -3.40374e-24
9.16719e-26  -3.43262e-24  -3.43262e-24
-3.2616e-26  -3.38463e-24  -3.44634e-24
-2.57011e-26  -3.43684e-24  -3.43684e-24
-8.59248e-26  -3.43379e-24  -3.43262e-24
-3.91102e-25  -3.41224e-24  -3.41183e-24
-3.29276e-24  -3.29276e-24  -3.29276e-24
-1.40086e-22  -2.67105e-24  -2.6712e-24
1.30769e-22  -1.30769e-22  -2.17124e-24
2.6712e-24  -1.40086e-22  -2.6712e-24
3.31142e-25  -1.40443e-22  -2.76857e-24
7.68768e-26  -1.40465e-22  -2.77882e-24
2.39014e-26  -1.40476e-22  -2.7899e-24
-2.39014e-26  -1.40476e-22  -2.7899e-24
-7.68768e-26  -1.40472e-22  -2.78613e-24
-3.31142e-25  -1.40443e-22  -2.76791e-24
-2.6714e-24  -1.40086e-22  -2.67019e-24
-1.30769e-22  -1.30769e-22  -2.17147e-24
1.22692e-22  1.22692e-22  -1.22692e-22
2.17147e-24  1.30769e-22  -1.30769e-22
2.80777e-25  1.31056e-22  -1.31056e-22
6.90077e-26  1.31081e-22  -1.31081e-22
2.22693e-26  1.31084e-22  -1.31084e-22
-2.31987e-26  1.31091e-22  -1.3108e-22
-6.90077e-26  1.31081e-22  -1.31081e-22
-2.80777e-25  1.31056e-22  -1.31056e-22
-2.17147e-24  1.30769e-22  -1.30769e-22
-1.22692e-22  1.22692e-22  -1.22692e-22
1.30769e-22  2.17147e-24  -1.30769e-22
2.6712e-24  2.6712e-24  -1.40086e-22
3.31142e-25  2.76835e-24  -1.40443e-22
7.68768e-26  2.78613e-24  -1.40472e-22
2.39014e-26  2.7899e-24  -1.40476e-22
-2.39014e-26  2.7899e-24  -1.40476e-22
-7.68768e-26  2.78613e-24  -1.40472e-22
-3.31142e-25  2.76857e-24  -1.40443e-22
-2.67122e-24  2.67117e-24  -1.40086e-22
-1.30813e-22  2.13082e-24  -1.30687e-22
1.31056e-22  1.09703e-25  -1.31056e-22
2.76857e-24  3.31142e-25  -1.40443e-22
3.53825e-25  3.53949e-25  -1.40813e-22
8.23966e-26  3.61436e-25  -1.40844e-22
2.53726e-26  3.66084e-25  -1.40847e-22
-2.53726e-26  3.6378e-25  -1.40848e-22
-8.23966e-26  3.61436e-25  -1.40844e-22
-3.53935e-25  3.53935e-25  -1.40813e-22
-2.76857e-24  3.31142e-25  -1.40443e-22
-1.31056e-22  2.80777e-25  -1.31056e-22
1.3108e-22  6.90077e-26  -1.3108e-22
2.78613e-24  7.68768e-26  -1.40472e-22
3.61336e-25  7.97235e-26  -1.40843e-22
8.51112e-26  8.51112e-26  -1.40876e-22
2.63166e-26  8.62659e-26  -1.4088e-22
-2.73352e-26  8.90191e-26  -1.342e-22
-8.51112e-26  8.51112e-26  -1.40876e-22
-3.61986e-25  8.3766e-26  -1.40843e-22
-2.7853e-24  7.43438e-26  -1.40469e-22
-1.3108e-22  6.90077e-26  -1.31081e-22
1.31084e-22  2.22693e-26  -1.31084e-22
2.78982e-24  2.39014e-26  -1.40476e-22
3.63998e-25  -6.6535e-24  -1.40849e-22
8.52473e-26  2.63166e-26  -1.4088e-22
2.68257e-26  2.68257e-26  -1.40885e-22
-3.66078e-26  2.68257e-26  -1.40892e-22
-1.38918e-25  1.58698e-26  -1.4087e-22
-3.6378e-25  2.53726e-26  -1.40848e-22
-2.7899e-24  2.39014e-26  -1.40476e-22
-1.31084e-22  3.06193e-26  -1.31108e-22
1.31122e-22  -2.22693e-26  -1.31084e-22
2.7899e-24  -1.73752e-26  -1.40474e-22
3.62987e-25  -2.53594e-26  -1.39529e-22
8.62659e-26  -2.63166e-26  -1.4088e-22
2.62984e-26  -2.48396e-26  -1.40885e-22
-2.2985e-26  -2.93861e-26  -1.40882e-22
-8.62659e-26  -2.63166e-26  -1.4088e-22
-3.6378e-25  -2.53726e-26  -1.40848e-22
-2.7899e-24  -2.39014e-26  -1.40476e-22
-1.31084e-22  -2.24231e-26  -1.31084e-22
1.31081e-22  -6.90077e-26  -1.31081e-22
2.78613e-24  -7.68768e-26  -1.40472e-22
3.57362e-25  -8.34152e-26  -1.40844e-22
8.51112e-26  -8.51112e-26  -1.40876e-22
2.63166e-26  -8.62659e-26  -1.4088e-22
-5.89107e-26  -8.62659e-26  -1.4088e-22
-8.50793e-26  -8.51096e-26  -1.40876e-22
-3.61451e-25  -8.21687e-26  -1.39525e-22
-2.78613e-24  -7.68768e-26  -1.40472e-22
-1.31059e-22  -7.63109e-26  -1.31073e-22
1.31056e-22  -2.81422e-25  -1.31056e-22
2.76857e-24  -3.31142e-25  -1.40443e-22
3.53856e-25  -3.53856e-25  -1.40813e-22
8.23966e-26  -3.61436e-25  -1.40844e-22
2.53726e-26  -3.6378e-25  -1.40848e-22
-2.53726e-26  -4.46658e-25  -1.40683e-22
-8.22257e-26  -3.61265e-25  -1.40845e-22
-3.54944e-25  -3.53935e-25  -1.40813e-22
-4.08808e-24  -1.64957e-24  -1.39123e-22
-1.31056e-22  -2.81327e-25  -1.31057e-22
1.3077e-22  -2.17061e-24  -1.3065e-22
2.6712e-24  -2.6712e-24  -1.40086e-22
3.31142e-25  -2.76857e-24  -1.40443e-22
7.17559e-26  -2.78613e-24  -1.40471e-22
2.39824e-26  -2.96097e-24  -1.40476e-22
5.8601e-26  -2.8724e-24  -1.40311e-22
-1.53581e-26  -2.84764e-24  -1.40602e-22
-3.31142e-25  -2.76857e-24  -1.40443e-22
-2.6712e-24  -2.6712e-24  -1.40086e-22
-1.30763e-22  -2.17147e-24  -1.30769e-22
1.22692e-22  -1.22692e-22  -1.22692e-22
2.17035e-24  -1.30772e-22  -1.30769e-22
2.80777e-25  -1.31056e-22  -1.31056e-22
6.90077e-26  -1.31081e-22  -1.31081e-22
2.1523e-26  -1.31085e-22  -1.31085e-22
-2.20353e-26  -1.31084e-22  -1.31083e-22
-6.87054e-26  -1.3108e-22  -1.3108e-22
-2.80777e-25  -1.31056e-22  -1.31056e-22
-2.17147e-24  -1.30769e-22  -1.30769e-22
-1.22692e-22  -1.2266e-22  -1.22692e-22
