x velocity, y velocity, z velocity (nm/ns)
output from task : 0
0.826962  -11.9913  -12.7179
25.6154  -27.5829  17.1983
-7.65798  -9.79411  13.2714
-43.907  34.0967  45.6849
-30.4404  -35.9227  -8.86683
-82.4353  -5.94766  -53.7478
20.5708  46.8703  -14.0635
44.2159  0.410493  17.6694
-28.2077  29.035  91.0246
-18.7699  -37.8646  -4.39614
-18.4807  23.2896  10.663
-38.7204  -33.4201  -2.38639
-25.0054  -48.4766  -24.7124
48.7779  -39.6115  -36.3634
56.0008  44.8144  -30.6336
-2.74585  2.06298  14.9234
8.61415  -28.2219  47.1146
-0.220894  24.8541  21.3242
28.8004  -49.6684  -49.637
-24.7417  47.989  23.7635
5.62424  7.74359  20.1238
-20.7296  -41.8497  36.6301
85.7026  -23.845  -59.4757
34.4255  9.32539  -46.8225
-15.62  24.5588  -4.73894
-22.4108  -38.9636  -47.6231
27.6873  38.3151  23.0473
21.1762  53.5296  -20.474
-2.49247  7.31226  -3.24357
-14.0241  -32.4742  36.3633
-6.44937  32.5758  10.8382
31.3596  -30.1155  -9.56534
61.2236  34.9251  48.5711
-19.5505  14.6145  -25.2615
-5.44304  9.09578  -10.1884
-11.3824  -18.3621  -44.3671
38.0333  5.87247  -9.51235
21.9149  25.1765  -36.765
36.4505  -53.2581  -15.6275
-42.1803  -16.0487  18.782
-13.407  -27.8827  27.8741
-2.71989  22.6167  -3.43433
11.9138  -19.6016  26.6717
10.9404  35.1054  35.5024
-6.75253  11.1199  70.059
-12.3312  -11.2616  6.63485
-10.8649  -5.17325  4.16987
42.5919  -32.75  48.1004
-57.5153  23.3387  37.2301
58.2709  -6.37552  -38.3097
17.107  44.3222  18.8096
-1.65973  43.7018  5.03628
-46.3448  -16.518  15.896
44.2808  16.8806  9.88894
33.2714  -8.09864  73.4101
-36.1347  -23.8489  36.8264
-0.0954775  -31.368  -34.9604
-52.7996  -13.0351  -23.3703
-49.4042  -6.7448  8.66799
54.2101  -49.3836  23.8206
35.8463  9.23238  65.0579
44.9851  40.1784  14.3714
48.6341  93.3354  65.5574
10.599  -5.35097  1.05821
-2.88603  38.8752  -14.4212
15.5636  17.3294  28.0832
26.3631  30.6511  16.5329
36.2782  -2.40082  5.99113
-12.7159  -44.6728  3.69893
-7.49271  4.72428  0.938742
4.06282  -14.0873  -6.00879
-0.29165  15.2216  -53.7543
-36.8469  3.55831  24.8003
3.22142  53.6084  5.13555
33.1249  -24.2491  -12.0675
8.91601  -3.82223  -23.3641
26.0704  24.5282  -10.9726
-36.2413  -23.4381  1.90011
-13.1165  -5.28884  31.1721
42.9668  63.459  34.9261
74.1578  -5.47517  52.4288
11.002  -3.60983  -17.2722
23.054  -55.1149  -2.63241
-1.60732  16.5568  0.433071
75.7979  -28.4896  -15.38
-32.196  19.3484  -28.0781
-28.4763  -32.6374  39.4212
-24.3959  -21.8113  13.3997
-29.4428  19.5259  -69.684
-8.79432  -15.821  -8.97693
-67.6819  -10.7758  -49.5861
17.6203  8.49687  21.8441
-55.9243  0.291791  -48.0943
-17.2424  -28.348  34.2927
-7.15774  1.50531  22.6555
3.93757  -31.9459  45.0051
-2.22273  -26.4457  -31.8108
55.8577  0.361796  20.0433
-15.852  -9.66183  -4.65363
20.7805  30.8744  -6.3948
4.70812  20.7391  14.4663
44.5665  -68.0883  20.7104
13.235  -50.4752  41.9433
42.1563  1.35688  -4.11139
25.0568  35.0336  -29.3478
-31.8022  35.7449  16.5516
10.1282  -2.98656  39.0297
-59.4931  -24.298  -13.0203
36.8742  27.2237  -8.82711
47.1584  1.96915  41.0163
33.7998  4.16025  -32.8895
-17.0488  27.3443  45.0693
23.0886  2.85059  -39.1094
-44.3901  28.4666  32.6387
-4.77466  -35.3698  29.7397
-11.7386  4.78489  13.0026
-21.8627  26.7511  -5.40785
-14.1081  10.4285  16.0737
-12.1572  53.679  -5.75552
-4.14932  22.5062  25.738
28.2643  -50.6808  -10.4473
-20.3095  -17.1352  -24.08
44.9207  -42.0467  22.6899
-12.9552  14.7766  5.15871
-43.475  -23.6647  -22.9101
-0.382149  47.446  8.16713
16.1006  8.39939  -28.4898
35.9069  -27.287  -50.5782
8.92103  -32.2309  45.6898
28.3542  16.9406  -53.5741
-36.6435  26.9522  -34.9321
-44.278  50.7584  -34.0202
-29.6368  26.2685  -14.119
22.5847  45.596  -15.7626
-28.293  26.7832  20.8625
-4.56918  22.4565  6.01703
20.878  3.71206  -14.7225
25.7131  -34.8888  -12.5996
-36.8963  -5.56966  31.1937
-96.0499  12.2424  -18.4235
-20.4406  26.4823  -25.3031
-16.9875  35.1834  18.1325
11.5853  -9.87722  2.32957
-36.894  54.5068  5.81255
-36.142  -64.915  -18.4662
-24.3281  31.0031  -14.1147
-30.7921  35.9946  -32.6465
-57.2005  44.307  -62.7973
-28.0532  16.711  -34.6888
7.64935  60.2671  -59.6089
-13.8584  28.234  -4.64953
-15.7714  -1.61519  62.7992
51.6808  18.0315  38.3871
1.01732  -64.4975  -22.7627
18.3354  5.43806  -29.5016
30.2517  -17.7694  7.03535
42.2586  43.8338  -19.832
11.0015  -21.2055  -41.176
-17.9115  0.506678  13.3696
18.6012  48.6775  -35.8324
42.0381  42.5947  -9.60966
-17.6044  -0.986358  -60.1081
-12.6317  -9.09217  -14.5171
14.3438  41.026  -32.3289
-14.4889  -3.57131  -6.86882
23.4837  5.84417  -20.2784
-43.4786  -89.3599  -55.1198
2.996  4.5512  -12.8636
-57.0587  52.1391  -0.401793
-33.5946  -8.0796  22.531
-8.45765  74.6805  -71.0658
14.3778  -28.2554  1.12954
40.8032  25.2539  4.65052
-14.9571  1.84429  -12.4187
42.9699  47.249  -3.54806
32.5364  -13.8188  3.73523
80.2769  9.27543  -9.15793
-0.815495  2.42964  2.69713
-14.5863  -41.0822  -36.9235
-58.4314  -33.2252  -31.9637
-19.6939  -7.43051  60.0173
-17.0969  37.4854  10.9374
-33.5226  -45.0424  -22.6332
-32.9274  1.95514  -10.5768
-13.8002  38.7945  33.5906
-23.0076  -34.1582  -18.6306
11.0985  -10.5199  2.36203
32.6227  32.4355  -31.1607
-39.4536  52.7332  -5.53476
19.7123  -48.3938  29.7576
-10.5765  66.473  68.4576
-28.2534  2.05055  33.4715
-18.727  -77.056  -4.53294
-23.4736  28.6778  7.861
-26.6001  -19.5861  18.7191
3.08274  39.9724  20.5642
29.1904  26.595  -61.8712
-8.58971  24.2706  0.827818
22.2409  30.3884  2.90441
-6.87418  -9.45511  -34.1223
31.3048  23.0979  1.01267
16.3736  -5.95936  -5.22963
-26.2083  -64.6649  21.9003
-11.1975  17.3648  40.7245
-7.64397  -56.1322  -32.2772
-4.49536  -15.8355  47.1143
-9.03347  -12.3277  -10.8105
-21.2873  -25.3404  -2.2798
-5.5225  -21.1925  13.6616
41.5044  4.73194  -15.4194
47.9015  43.7503  25.812
-65.8657  -12.9591  -66.739
18.8225  50.1369  -49.7595
44.4278  6.60889  2.85618
24.6982  12.8769  -25.5072
14.2881  -8.87357  -0.769337
-8.60126  -48.9941  -11.4493
16.1141  53.1971  -5.25104
38.098  31.672  28.0881
62.7335  25.1661  9.50007
26.64  -16.1132  44.6027
-40.6092  -21.5364  43.5659
52.7048  -20.3756  -1.69306
-40.217  -47.1735  6.19347
-11.7131  -65.002  -13.4889
-0.39751  -17.8316  12.3525
-42.5301  16.8176  47.7632
56.6725  -43.769  -9.90435
2.30996  0.485215  -57.7682
-11.5551  -1.59366  41.4339
-18.4369  13.3778  -39.6378
-3.27467  -21.7693  3.59896
50.5539  36.6001  -15.7082
14.1361  6.34359  -35.9351
22.6309  43.7346  45.1509
-20.3216  -10.666  15.3012
34.3445  29.6988  36.1648
9.96381  -10.8061  -10.0192
17.2624  16.6654  4.37091
4.03008  30.3124  -34.5152
11.0092  6.8439  11.8561
47.8075  20.3181  20.9084
-59.2106  -39.1602  -45.0947
45.6958  -35.1069  -49.4216
-18.2697  0.448348  -38.7578
-4.46166  -1.28409  -17.2009
11.252  36.7512  4.12699
-65.6871  37.1979  9.28078
-6.05519  -13.9919  31.1528
29.5898  -53.2767  -15.4437
41.3483  23.3513  -0.134522
-14.5273  14.5589  -6.60047
63.8943  -15.7685  29.4794
56.2374  36.7949  19.5106
21.5479  23.1735  -21.1926
-49.4462  -3.64118  -37.7559
-16.0372  -26.7191  -18.2652
18.9059  43.6671  -13.9217
42.6862  46.9624  13.7874
-52.3505  -15.3376  17.1802
-50.7909  0.34072  20.4001
-5.29789  16.8019  36.8095
16.8725  -36.1174  -15.2967
43.7436  8.79248  12.7642
45.1758  36.9814  45.283
-1.22782  39.5837  -6.49681
78.1758  42.8378  -10.5401
-7.00866  -31.6643  -11.1837
8.06882  2.61889  69.9555
40.2805  -25.2394  -93.7523
-56.6671  -11.005  -16.5944
-17.4179  -8.40561  5.9549
16.5666  42.5592  17.2955
47.4767  -9.46368  -39.8431
5.4317  -47.8189  -23.4905
-16.7359  29.2335  53.9351
20.0131  36.3272  19.8737
-12.4943  -36.3619  -63.4309
51.5761  -19.3091  23.2747
-15.2529  -23.0556  55.2486
11.3499  14.4296  24.9905
-67.2068  29.2086  -4.70381
-31.4498  -10.0546  3.66976
-11.018  -29.9576  10.9833
14.4593  -2.54015  0.387932
-48.5806  22.5574  26.7535
-42.4511  23.2062  -0.963209
77.5622  -2.26005  3.23204
2.91739  6.04844  13.072
-27.6104  -8.7639  4.03449
56.8451  -13.5144  2.92623
10.1718  13.7796  18.7461
-9.15106  40.7332  4.82913
20.3302  -46.5351  16.7205
-8.53352  45.5392  -17.1006
-28.3892  -1.08117  20.8362
18.2125  13.8026  0.730513
40.7814  -21.1225  -10.9724
67.8224  -12.6518  1.06156
-10.4693  32.2717  -41.0439
-62.4683  29.2352  -20.922
2.48355  -28.1331  -36.1613
-15.2223  5.27155  10.2115
51.4568  -5.2721  3.10762
-25.579  -34.5751  22.9671
22.1863  18.8672  -46.0246
-28.9663  8.85873  -23.0853
18.2356  13.6629  -32.8364
-16.799  -11.1195  2.09314
-6.0636  25.7808  -13.8374
9.50093  -4.73535  -2.16854
-11.532  -18.4828  -32.4977
15.9108  -16.7765  -10.1261
6.44999  -17.7519  35.2589
-16.8086  9.80796  49.9165
32.5348  -33.9421  28.8315
-23.6069  0.139804  20.4186
-7.68472  48.2259  43.8249
19.5479  70.354  -35.2189
10.7899  36.2916  -54.1123
-28.4829  -7.57979  0.175683
-30.9484  15.9931  31.1256
2.83895  47.4163  -31.8112
23.5145  -8.85125  30.4929
36.0562  27.9669  -40.3757
-57.8119  -88.2197  1.75114
73.2272  -27.0598  -6.05174
-44.6803  -8.52933  42.6778
37.9941  -46.375  -38.5819
40.6254  -10.782  -48.2337
28.8655  48.6015  2.24727
19.8327  14.4318  -60.9725
-32.7327  74.0508  23.7084
61.8075  25.6994  36.9221
13.9927  34.6309  15.4083
41.4427  -22.0038  -6.81181
-9.1083  -15.3904  -33.978
4.1991  -15.048  32.2475
44.2261  -10.231  11.3822
27.3629  -40.0668  -47.5986
30.7283  -17.386  -29.3498
-46.4565  -21.2831  -13.8864
-8.12984  -2.67648  19.3062
11.9696  -38.9525  15.2657
-12.8703  -31.3275  -27.183
21.8001  -3.51595  55.7751
-35.9473  -9.44426  -25.6961
-53.6704  -8.1848  53.0207
-48.9472  26.9339  59.2869
-0.589911  -4.84052  31.7702
3.10634  6.94208  1.90116
44.5584  -5.49119  -34.0224
-20.3724  -14.3892  -57.4011
1.49765  -52.0505  22.7966
25.0017  36.4214  -16.4986
-23.5405  67.2549  -22.8482
-14.6041  29.1509  5.75895
-39.5174  20.3036  -29.8597
51.9874  27.2308  58.1274
-9.80633  -19.9419  11.7217
-11.8127  19.6062  -7.0653
43.4458  -26.4666  -34.6663
18.6747  6.9082  -44.3635
5.91627  35.8938  74.2232
25.6268  11.1685  -54.0076
8.61785  25.9454  -8.22386
-15.5183  -37.4991  47.0656
22.2599  12.4841  -30.5536
-9.61484  22.8254  4.91918
37.7155  -1.28505  -66.82
6.58114  0.538945  -3.19684
47.7904  37.9551  -15.5723
27.6569  -9.35677  21.3758
20.6896  3.65568  28.0303
-13.7862  8.73471  39.124
-9.17961  46.2658  -5.52731
-13.3587  9.05007  25.6753
3.68449  -33.5709  -65.8036
-34.365  -7.94957  26.7003
-12.2423  13.9323  -30.0642
-39.0043  -24.6893  7.27702
-5.82431  -36.0433  -10.6298
-33.5308  32.5053  -22.993
-25.6013  24.2977  9.20216
17.492  38.536  2.08327
1.0927  36.5851  22.9708
11.157  29.316  9.51485
18.5947  -8.81333  15.3121
16.0158  -46.6873  62.23
-1.19376  21.3774  -4.86591
-14.4953  17.3387  16.4529
-40.3796  -8.68745  -13.3319
-37.9844  27.9074  45.2451
-14.2708  -20.8552  -3.06029
-27.1756  -96.1752  36.1535
-9.21831  11.9794  -43.6006
44.4014  -17.1706  -43.7518
15.1336  -9.49703  4.01143
61.8798  -47.6177  4.31758
10.6013  -30.339  -1.84753
17.7474  24.3153  -5.75636
25.3942  -14.6399  -20.4998
-53.0447  -35.8725  13.7996
12.0436  16.2709  21.6409
29.7169  -14.5585  11.9349
-49.8345  42.2259  12.2014
-13.1085  12.232  38.6823
-23.6603  19.7297  3.62758
-8.21969  -7.52847  -110.97
-71.5905  30.8727  25.2169
-24.6329  3.14631  29.4744
2.63936  -8.01572  -11.592
13.8002  -24.0658  1.93437
-14.0119  14.4819  -32.126
-32.2533  -64.6007  -13.8444
46.1776  2.33613  44.3137
55.2377  -17.4654  80.1615
-13.8459  -38.7155  -13.9823
-30.0319  -13.7783  -19.01
-21.0954  -8.5975  0.91442
15.7635  6.33298  -4.72314
6.25811  -23.6567  -11.1546
7.94626  -21.4901  -30.4486
-15.1761  -22.5425  -1.6997
32.6849  25.3609  24.9162
16.8774  -4.056  37.9197
28.7122  -39.0795  -22.6642
-36.2621  -91.2397  -19.1388
-27.2389  22.382  65.0769
-34.3543  38.588  -28.9195
17.217  12.9  -15.0071
23.1216  43.9793  30.6928
21.8112  34.8277  -28.1938
24.9109  34.219  -6.88515
-0.775225  -3.26496  -31.7422
-53.3424  19.3923  33.6803
5.20187  6.03123  12.3156
-21.1545  -28.7418  -20.7664
-7.72881  0.00603763  -14.2702
-6.4339  36.2878  56.4774
-3.71416  -23.3618  23.2593
-66.6312  10.3115  13.0039
47.4571  -35.5701  -35.708
49.4603  -13.2534  1.57835
-86.8395  17.7104  16.3728
-52.6889  -1.11782  80.9261
-9.69835  61.3574  6.36623
-66.701  19.6279  21.3063
-46.1917  68.5558  7.49776
-43.3039  7.06341  -18.9733
-38.2009  10.9801  32.3454
13.6096  12.4664  53.1734
-12.7999  -77.3061  -21.7479
-1.40477  -18.4295  20.2725
5.08381  -7.00361  40.3033
8.67052  68.8655  63.9968
0.625729  11.3718  -41.1976
71.5241  -74.6789  7.79848
12.9196  59.2539  6.47484
-33.8455  21.3075  -31.0365
5.35874  50.7352  26.5665
-13.4054  22.5902  38.6236
-38.8066  -6.78704  -0.109081
-59.1128  52.0783  7.92477
33.9432  -32.3462  2.65433
10.6485  25.8268  77.5382
41.855  -38.0346  24.8141
12.8135  -35.1835  29.3568
17.5632  -35.5178  11.059
34.739  2.44242  -25.2524
-33.0564  5.0354  -37.0329
25.1268  1.73758  3.75829
-3.84939  -21.9152  43.9271
-25.5808  -16.1094  -4.90835
-23.9285  18.9602  -81.9258
47.8845  15.9998  -13.7192
6.53819  -63.5143  27.4069
17.048  46.5045  -35.4072
6.65543  39.2197  -16.2308
89.7662  50.428  -27.6757
8.07222  2.01679  37.0329
-13.9897  -13.5094  57.0975
24.1876  6.25916  -3.50125
-14.8449  -31.34  33.0539
12.4098  -8.99466  -36.0118
8.23984  49.1609  -0.881047
18.7824  -68.9326  -15.4958
-22.1705  13.93  -48.294
-64.0689  25.1599  -42.4744
22.6683  -17.4095  26.0877
23.8507  59.1909  31.72
-34.482  -19.5101  -29.6819
8.34391  22.6493  36.9127
11.2427  -47.7228  -4.53231
26.9983  -29.7793  -19.2956
8.20772  24.7196  89.7246
-42.3986  5.89554  16.0493
37.5936  15.6607  -4.58085
23.636  5.64505  50.8693
output from task : 1
6.26461  36.9996  -18.978
-29.9294  -37.9614  -12.4145
9.70214  -1.7491  -13.9476
22.537  46.8743  -7.31619
-75.644  -61.5805  40.2364
-12.234  3.809  -39.2471
9.26376  -52.1656  0.880032
34.1358  -18.0335  62.2429
-10.6486  -41.3081  -14.2219
22.7709  38.3856  -37.5214
-20.5484  -16.0616  11.8827
10.9932  7.34412  41.7281
11.911  45.4661  -58.9329
-34.4769  44.579  28.3926
-6.33305  17.8271  39.9966
19.6963  0.582768  -27.3628
7.93938  -30.842  -22.2932
-3.89936  -21.2017  23.278
17.0442  0.320245  13.6442
10.7058  32.5212  32.3183
-9.07941  26.9981  17.8182
-31.0228  28.5068  39.2863
2.03736  6.65057  -52.1862
25.758  -16.139  -1.59962
-5.38992  -37.2665  65.3368
8.25377  -2.5862  -13.14
26.5254  11.6814  -40.1061
61.6653  -0.446996  -5.56866
-51.6687  -49.1716  -40.4744
21.7874  -22.9982  -10.4548
-9.64463  47.6683  6.03573
-34.1416  8.93805  -1.5207
35.5896  68.9102  -2.98631
14.1895  34.143  68.7318
-11.6433  -23.2185  -27.8819
-1.79732  -6.08125  10.248
-49.5501  -14.609  10.2047
-33.1139  -16.9215  -54.9481
45.9067  19.4525  -31.0797
26.3662  15.4212  -11.5362
-35.3479  35.887  25.4212
0.674615  -52.5567  25.3469
-54.4354  -60.2505  -9.70385
18.0774  -1.52968  -32.2604
50.651  -4.73785  -38.8015
-4.37913  6.95277  12.8696
4.13135  -3.26171  11.8303
52.479  -3.47814  18.658
6.18753  17.418  46.6473
-21.3297  40.5519  -32.5478
-24.9372  48.6879  -26.0018
20.3692  -41.2895  -24.3019
13.6718  -26.3048  12.2969
-5.30178  22.9662  -27.0518
20.6994  -63.7165  51.1183
17.9922  -43.5807  32.3121
-4.77964  42.7071  3.01019
-40.3518  -5.08879  -3.27153
-53.5527  18.3388  32.5468
-22.4921  34.6249  1.89633
82.7946  -31.244  12.7937
6.82508  -14.525  0.206775
-21.3908  -40.425  6.7937
-35.7417  -17.435  21.6058
-12.1156  -30.2231  9.37284
31.9676  -41.0055  -48.5344
51.3374  26.9415  5.28788
-22.4532  -8.7473  14.0367
11.7679  -32.9072  8.40605
17.7493  26.8793  -26.4919
-57.2933  -36.2227  -2.43354
14.6682  61.234  -19.8543
11.7257  -10.2917  -27.074
-22.5867  -46.8903  5.31461
-5.42106  84.3784  49.5673
-7.76309  1.01969  -31.8207
-74.8281  68.1325  -42.6614
-18.9804  26.8724  15.7619
-10.1747  -27.0785  -37.0827
-18.2682  48.5436  4.6449
11.6232  34.912  -28.3978
-19.1012  -6.71175  -26.8097
-57.7214  45.0931  -58.2371
-54.9977  38.0167  80.6641
7.72608  7.27434  -17.1923
-64.321  -28.8377  -41.0403
-39.2937  35.2657  29.7469
18.0792  -18.6322  15.9624
56.3265  56.4528  -6.69608
45.2738  -38.4767  -41.6509
61.7542  -22.6975  -18.2866
-53.375  -19.9656  -18.2244
14.9982  -11.2464  0.26192
23.7138  -3.22061  53.1414
50.6614  -42.4373  -1.09953
-52.219  66.4647  -43.4333
-64.6004  11.8429  -38.0691
8.05848  11.213  17.4801
-50.0417  -25.4124  1.21256
25.4566  11.2885  4.41549
-38.6439  -11.4861  -2.32591
-26.706  -40.1511  -30.7125
-4.98187  -36.3073  -10.282
18.2956  -28.2515  33.113
-10.8101  9.66043  -4.31893
12.1682  15.6986  7.91462
-18.1044  44.6102  -0.533451
11.8427  40.0546  12.6271
-14.7398  -12.4962  -8.66253
-5.27582  6.30542  -47.7338
-26.6971  -68.6264  -23.8005
9.23277  -15.0893  -15.0021
17.8564  -25.7687  32.2392
-4.13296  -68.1373  -28.8589
19.8762  -34.0847  -73.9391
-32.3262  -72.0442  29.4954
-36.9801  45.5793  31.8107
-9.60968  67.6161  -2.22771
60.1126  74.4139  5.53703
-25.2124  41.472  -51.2595
0.482436  -21.2888  -23.2325
1.23539  36.2217  1.25813
-9.88697  38.3969  -47.1518
64.7232  30.2221  -19.5485
-36.7498  73.3856  -51.06
-62.9494  -65.7803  -4.13266
21.4611  -11.8962  -21.0244
-12.5656  0.320943  52.0684
-11.7786  -12.0438  -6.54699
-20.2887  50.8725  -11.2967
1.6322  -41.7842  43.2772
-43.9869  -0.313463  21.9052
-24.023  -12.4997  -15.4615
5.17942  -16.7357  20.4139
-24.1765  30.0385  -9.62675
9.70213  15.2925  25.3623
2.7426  -8.25066  -11.5637
45.4201  0.207617  50.8141
-1.77322  -17.2272  -24.6167
-12.8035  -3.39025  45.632
16.2737  -39.1518  -47.8556
-7.81803  -6.17436  30.3013
-5.18034  39.7284  36.0295
0.533854  12.1409  36.0771
-57.5556  -60.8793  -26.1565
21.8775  44.0455  -17.2236
-6.51324  -17.3906  -48.3826
-50.9843  -27.2637  -26.4102
65.4294  -14.8752  40.7261
0.202528  51.8111  5.28291
11.5254  -25.0338  9.40742
18.7232  16.2087  -30.5589
-39.3093  -36.4989  14.165
-25.0641  24.7656  5.8165
-9.20954  -16.156  14.5511
27.6389  -34.9109  -21.9563
74.93  -6.03852  23.0108
-49.8707  29.7283  24.0249
23.1353  -34.9305  -7.84546
17.3277  22.7229  -18.2464
5.15369  -8.40885  -12.8236
-24.5487  -26.3568  -11.7681
47.0871  10.9877  5.1127
-14.845  -49.8937  35.0433
-18.2436  54.4037  -2.50622
-30.2878  -34.4712  -56.5274
1.09497  -44.6291  23.3052
17.7036  -9.48404  51.4537
-55.2627  -29.8161  -7.37979
-3.3032  36.4898  53.4138
9.16381  -0.0554083  -34.9547
57.7154  -39.7478  -25.8458
-31.0792  24.0903  15.6402
6.14808  -33.3175  -17.2053
12.0165  -38.4636  11.7656
-19.2589  -33.8091  -56.1083
40.4295  9.03371  -17.7751
-7.25612  0.0765564  13.7809
1.04108  17.4999  -3.6999
-8.92407  -1.82454  -34.0526
-36.4049  -30.9536  -38.1999
-46.1211  18.2509  2.92998
-5.79946  10.2208  44.3053
32.9596  -19.1926  59.9924
10.0836  -14.9368  34.1853
-3.62281  -40.9249  39.3877
-21.3131  2.94722  -5.23292
-29.8571  24.2929  -6.74788
-28.2582  -40.7655  2.47553
-57.1474  -15.2574  35.7216
5.26381  -12.501  46.9538
39.3017  -10.901  -9.97662
0.546054  -3.61969  -0.107481
29.5598  -6.29126  0.469015
-8.95528  -42.6127  32.0317
8.30414  17.501  -0.501419
-10.2692  -28.6485  -9.60483
-38.0087  -41.3241  46.6933
5.18799  -14.6884  -16.8481
6.33512  -26.7996  49.7284
-30.0643  16.3024  57.8663
-56.5267  -36.5618  3.29884
38.485  31.021  -25.4538
-20.0749  5.47096  -52.6483
-25.005  -42.5183  -46.059
-13.0527  -9.07187  28.0488
16.4988  -52.7671  13.1808
-14.7884  -57.6669  -48.8192
-32.343  -18.0687  8.45824
0.0744521  -0.48641  -7.67742
15.4459  54.415  32.9641
-13.3167  20.6952  24.6159
-16.2105  -1.24816  4.64703
14.7684  -6.75011  -16.1457
41.3778  -4.82644  -35.3553
19.1787  -3.37419  -34.9836
-23.9402  -14.2354  -30.5354
-1.90237  23.5556  -58.9774
-32.2818  -8.39206  -9.98556
-13.3497  -7.98292  46.5849
-11.076  24.052  42.112
46.3455  11.0359  10.4257
30.4305  5.54572  42.9663
-27.4373  -31.6247  -1.68641
10.2917  96.4739  3.87229
-4.83265  2.67471  -37.6965
-8.08783  -20.3828  -23.4023
-12.4886  39.9152  -46.351
-18.3267  10.0627  -51.2044
28.3313  -18.2842  -0.291547
36.0328  27.4796  19.7517
-90.6158  -25.4543  -1.81551
2.14913  -54.9749  -15.082
-20.492  -10.8499  -10.9313
2.87729  -16.8217  -18.1055
18.6316  -21.131  43.1973
-4.88918  -23.8667  30.8619
-17.688  -41.1789  22.4913
11.0046  21.1018  -27.2607
6.1865  -1.3009  -7.82704
-26.9905  -13.3175  44.1176
32.7734  -34.4895  1.11291
61.5293  7.22668  41.8632
35.5375  -41.4544  18.8705
41.0956  8.6631  -28.111
43.8777  1.93493  -72.443
-29.233  20.6272  20.151
6.76835  14.3293  6.72141
57.2985  -8.10719  32.5824
35.1546  18.4086  -2.26646
1.9874  13.9578  27.1261
4.5615  -18.0457  -27.7058
-24.8258  25.6997  14.5405
-8.33735  18.5387  14.1234
-32.0917  0.00317361  -11.1763
59.1293  -12.2563  -24.7153
25.2471  -15.8731  40.8665
56.4943  0.553132  39.9903
41.7512  64.1946  41.5884
-50.08  21.3227  35.4902
-54.4954  -30.7459  -14.5191
45.893  -2.04711  37.668
72.1033  -15.3544  50.8439
41.3197  -14.4878  48.7013
-48.4904  -40.9705  -11.5183
-17.6935  -8.3033  -43.7663
12.2958  -51.0669  -80.854
43.4841  -61.3599  112.299
-31.3787  8.76001  -28.8001
101.327  22.8282  25.1269
7.16654  -16.0697  -57.1541
-27.8766  46.2435  -50.7256
-32.7507  40.7123  -51.3672
-10.1664  -1.39099  -11.7317
-6.96169  -6.3929  9.94771
-45.8409  -7.60585  -84.832
18.6535  -17.6542  -22.811
32.5721  36.0137  -30.6044
74.678  -27.8163  10.7642
-32.9481  -1.83336  -22.8291
18.2638  -14.1541  36.636
-23.3314  -32.3064  65.1086
46.6588  -40.5486  20.3509
90.4688  -6.30187  1.32634
-14.8734  38.8106  -0.488983
-43.8644  -5.12926  12.368
74.622  0.920082  47.638
-4.54149  -12.9683  -6.60615
-51.1306  45.773  12.3473
-45.0457  -3.17946  -57.551
74.3056  -21.2558  -3.66583
-38.2635  -16.2616  -44.385
51.8186  -5.25719  -32.7648
-15.8677  12.9641  -3.27506
-56.4552  -28.1837  -12.6495
-0.798908  18.5569  -2.53002
14.6836  -19.9258  12.1599
39.2284  -30.3091  31.6381
-20.9436  3.09443  -90.1518
-53.6302  83.1614  44.0858
-2.89837  17.1475  -27.3337
46.1056  -8.17133  12.0271
26.1469  -28.3607  16.0927
-8.91414  -43.3633  -2.99651
-12.3096  31.8585  -51.2867
-44.4755  37.6851  -2.27253
-22.2609  -8.26651  -6.20878
-35.3168  -22.2046  -0.268427
11.0364  17.7484  14.6902
-51.6354  -41.4952  13.2053
6.3818  50.3007  -15.4445
11.723  -5.85146  -24.9581
28.6945  -8.15604  -45.28
-30.0742  3.82256  82.1917
15.1256  12.3115  41.9027
33.5747  -14.3771  -14.5926
-11.1081  -19.6739  24.9628
-1.36394  -9.75236  4.59973
6.26614  -17.5093  -30.0172
67.0308  -15.7784  -49.3547
-16.6283  1.46976  13.8857
-18.8759  -22.8268  31.084
-10.8689  -37.1095  -10.0158
-15.6849  21.209  42.2628
-42.5543  -16.9792  10.6483
-18.1691  16.8023  4.39225
36.5654  9.73107  32.9487
-5.50371  11.1824  -43.6998
43.2797  101.153  32.5395
-2.49534  14.5845  -23.8952
-60.7604  28.5608  26.146
4.31143  11.8321  22.419
-12.3677  -0.671317  14.6144
-27.9869  -0.543751  -65.9855
46.9642  -81.0108  16.0763
11.9413  24.3728  -11.3935
-0.0978226  -36.7334  7.56012
67.4241  -58.7785  -0.60153
7.94357  19.926  32.1078
-19.4984  8.48746  -9.21629
3.77527  -14.0254  36.317
47.1408  -40.213  11.4251
9.87543  7.36266  36.7443
46.0586  25.7152  21.974
2.1026  36.2874  -16.9482
-4.42451  41.5423  -5.32381
59.3157  -38.1754  56.6012
-20.852  -44.6779  30.1468
-32.0605  43.2079  -38.0097
36.9437  -2.24006  -33.4713
-13.9622  -13.2878  -25.4595
-3.45604  -37.0735  -18.1877
-21.4157  -27.9124  -7.17184
-17.7751  -95.6269  -2.97545
17.6773  1.35674  -59.173
-24.1383  -5.28424  -8.57964
-1.40365  -28.0683  42.493
-4.41309  3.00839  -26.4542
-11.0329  -14.1549  33.3644
-0.885273  -11.0265  74.5763
0.431036  -17.8189  37.8464
13.8428  20.263  -1.95519
8.48128  24.9614  32.6443
-42.8213  30.1268  35.4056
52.1782  -30.3238  5.12555
-22.2675  -22.2582  5.03815
55.716  28.6756  -12.6867
51.2476  -31.4152  -55.116
36.3185  -1.70074  6.37956
16.2207  37.102  -17.4678
-42.8526  2.22186  10.0608
-19.5311  70.7298  -22.8176
0.422011  0.836252  -2.605
33.4184  -3.11399  -88.7502
-34.3556  -25.1856  -1.64102
-3.58357  -60.2146  -24.6386
50.1516  5.84361  42.566
-24.3206  37.2197  -49.058
-23.8813  -35.0071  40.5225
19.8355  -5.97179  -25.237
18.8496  27.5254  30.2325
-21.4715  -42.9849  -6.81683
26.0714  -3.69964  8.6842
22.9104  -9.55454  71.529
5.02444  -4.34463  57.1448
22.598  -64.1108  -80.7027
-2.55092  -45.3015  -82.6465
-58.7858  -36.22  10.7525
61.5653  -21.7944  5.3654
-30.2511  28.8768  -7.55406
-65.7376  -24.8417  -13.0292
49.8205  11.6369  10.0861
-16.8035  39.5972  -11.0389
15.3058  -42.2135  35.0403
-2.18731  -8.88239  49.8035
-16.3186  -8.1004  -31.0677
-32.2306  26.9072  -7.04031
-1.14401  -39.3523  -26.1386
5.51315  -50.5513  0.753513
-13.5416  -24.2749  12.9699
-5.20087  20.8138  33.0389
35.8371  48.4271  -3.19888
-42.799  46.7678  -12.5196
24.9455  5.28775  -43.0297
-6.44636  -17.7922  44.4816
-29.1762  -27.7508  -7.10055
16.3189  -7.33199  -47.9717
-14.5569  43.3336  0.763674
-11.4462  16.7895  -32.3926
30.2032  -62.2947  8.9347
-89.9689  8.81886  4.81362
-1.92597  15.9662  58.9835
30.1498  4.68702  -30.8207
-21.2647  5.68936  -16.7693
-66.3799  -29.288  -15.857
-48.1341  -24.7305  -18.3532
-12.7443  -52.2365  -82.0518
-18.9527  -40.6891  -47.8165
5.64002  -33.7871  -53.4663
-74.7923  51.2197  -51.182
92.4263  42.9147  -3.09122
14.8905  -7.38933  -21.1432
-54.6832  37.7718  -52.7833
-37.6367  5.48442  -47.3387
-10.6205  -5.66723  -24.1736
-41.8043  -12.692  -56.1475
3.36607  27.4144  16.6931
-7.66155  0.810452  -17.9346
-10.5866  5.40181  7.83754
2.02964  -35.3035  21.8859
24.1847  -2.40473  -22.5037
3.06243  -4.90169  -41.6116
-15.0587  -11.3154  -21.2077
18.4003  2.50455  13.0859
-27.0395  42.1198  65.5133
35.7556  -41.1276  -18.1458
-30.7411  -24.1912  -12.9931
-10.0174  3.60304  -26.7748
-34.398  27.1103  -7.6881
-8.36435  46.5892  -25.2383
43.3946  -11.0444  13.8531
-18.9115  -17.4499  -1.6944
30.1838  49.8614  0.914052
31.5338  -15.3774  8.63964
36.7899  -32.7858  -35.9324
15.2696  21.0937  -45.6139
48.1375  22.9936  4.39321
10.211  15.8522  -61.0469
-27.3479  9.20911  62.9961
-16.1916  11.1056  -46.9783
-45.347  49.8834  27.1848
-64.0776  64.1633  54.6411
2.14053  52.148  9.49109
-0.827376  18.5468  18.1915
-5.38825  -10.1689  5.38155
-34.6966  -5.67496  0.530888
96.9728  69.7792  -15.2138
34.5521  -46.3252  -2.89349
-28.8528  15.8217  -43.9406
13.9275  26.4951  -25.4403
17.8859  3.50907  -24.833
18.7616  10.8537  -11.2116
19.678  53.1573  2.02586
64.7454  21.7328  -6.30734
-35.9692  7.22127  -48.4215
20.9194  -63.2893  26.525
26.7352  39.49  69.5499
-4.78249  -9.78985  70.8879
41.1334  28.8192  28.2894
-24.9734  -23.6201  -30.9775
-12.3157  3.78513  11.2549
11.3885  -20.1737  -0.390735
64.0739  13.4732  33.2031
19.2143  5.25538  23.2832
-14.9745  63.2463  18.9246
43.0552  33.2023  24.6965
-30.1411  27.4395  10.1316
14.1905  20.8353  -1.20939
8.66789  -73.6937  -15.5087
-28.7036  -7.3979  -25.127
-3.51145  -9.75152  -24.1151
-9.73019  37.4587  -42.4704
-14.5926  -41.8489  20.1403
-25.1173  -17.9172  48.7575
11.0236  -30.5558  39.6972
-14.7055  31.9611  29.0156
-29.0473  -19.5241  -7.69246
2.89082  16.2685  -45.583
-68.7503  -2.02448  24.423
-60.7096  15.3166  -16.3452
-34.7066  -15.4897  35.3762
-12.9667  7.09495  -31.2759
-44.8556  -8.98776  -32.0908
-0.936717  -24.7503  43.2007
-30.9376  -46.3794  -7.16314
-22.7363  37.8815  8.78234
-14.8887  -35.8657  -4.75399
28.9602  15.5485  -20.8157
-47.6569  -54.0817  16.7994
