xpos, ypos, zpos (nm)
0.1  0.1  0.1
1.75  0.1  0.1
3.4  0.1  0.1
5.05  0.1  0.1
6.7  0.1  0.1
0.1  1.75  0.1
1.75  1.75  0.1
3.4  1.75  0.1
5.05  1.75  0.1
6.7  1.75  0.1
0.1  3.4  0.1
1.75  3.4  0.1
3.4  3.4  0.1
5.05  3.4  0.1
6.7  3.4  0.1
0.1  5.05  0.1
1.75  5.05  0.1
3.4  5.05  0.1
5.05  5.05  0.1
6.7  5.05  0.1
0.1  6.7  0.1
1.75  6.7  0.1
3.4  6.7  0.1
5.05  6.7  0.1
6.7  6.7  0.1
0.1  0.1  1.75
1.75  0.1  1.75
3.4  0.1  1.75
5.05  0.1  1.75
6.7  0.1  1.75
0.1  1.75  1.75
1.75  1.75  1.75
3.4  1.75  1.75
5.05  1.75  1.75
6.7  1.75  1.75
0.1  3.4  1.75
1.75  3.4  1.75
3.4  3.4  1.75
5.05  3.4  1.75
6.7  3.4  1.75
0.1  5.05  1.75
1.75  5.05  1.75
3.4  5.05  1.75
5.05  5.05  1.75
6.7  5.05  1.75
0.1  6.7  1.75
1.75  6.7  1.75
3.4  6.7  1.75
5.05  6.7  1.75
6.7  6.7  1.75
0.1  0.1  3.4
1.75  0.1  3.4
3.4  0.1  3.4
5.05  0.1  3.4
6.7  0.1  3.4
0.1  1.75  3.4
1.75  1.75  3.4
3.4  1.75  3.4
5.05  1.75  3.4
6.7  1.75  3.4
0.1  3.4  3.4
1.75  3.4  3.4
3.4  3.4  3.4
5.05  3.4  3.4
6.7  3.4  3.4
0.1  5.05  3.4
1.75  5.05  3.4
3.4  5.05  3.4
5.05  5.05  3.4
6.7  5.05  3.4
0.1  6.7  3.4
1.75  6.7  3.4
3.4  6.7  3.4
5.05  6.7  3.4
6.7  6.7  3.4
0.1  0.1  5.05
1.75  0.1  5.05
3.4  0.1  5.05
5.05  0.1  5.05
6.7  0.1  5.05
0.1  1.75  5.05
1.75  1.75  5.05
3.4  1.75  5.05
5.05  1.75  5.05
6.7  1.75  5.05
0.1  3.4  5.05
1.75  3.4  5.05
3.4  3.4  5.05
5.05  3.4  5.05
6.7  3.4  5.05
0.1  5.05  5.05
1.75  5.05  5.05
3.4  5.05  5.05
5.05  5.05  5.05
6.7  5.05  5.05
0.1  6.7  5.05
1.75  6.7  5.05
3.4  6.7  5.05
5.05  6.7  5.05
6.7  6.7  5.05
