fx, fy, fz (kg nm / ns^2)
-5.28866e-17  -5.294e-17  2.64427e-17
-2.08653e-17  -4.40771e-17  1.6453e-17
-3.49708e-17  -4.78135e-17  1.04168e-17
-4.95506e-17  -1.09217e-17  3.43379e-18
-3.22148e-17  2.66497e-17  -3.80865e-18
-8.50215e-18  3.93113e-17  -8.5214e-18
1.09508e-17  3.91783e-17  -8.62388e-18
3.60503e-17  2.4484e-17  -4.16646e-18
5.14744e-17  -1.59995e-17  2.70277e-18
3.38515e-17  -5.06396e-17  9.36212e-18
-4.40482e-17  -2.08612e-17  1.64494e-17
-2.54617e-17  -2.54714e-17  7.83817e-18
-2.20134e-17  -2.0847e-17  3.77086e-18
-2.1856e-17  -7.53357e-18  3.67344e-19
-1.51532e-17  6.58879e-18  -2.6825e-18
-4.5798e-18  1.36553e-17  -4.59641e-18
6.37142e-18  1.34299e-17  -4.69205e-18
1.70954e-17  5.60882e-18  -2.9715e-18
2.33475e-17  -9.18447e-18  -9.97349e-20
2.31615e-17  -2.21128e-17  3.25513e-18
-4.78066e-17  -3.49642e-17  1.04228e-17
-2.08408e-17  -2.20139e-17  3.77057e-18
-1.40901e-17  -1.4092e-17  1.40708e-18
-1.13812e-17  -6.89339e-18  -1.67462e-19
-7.55543e-18  -7.61438e-19  -1.44722e-18
-2.21569e-18  2.57573e-18  -2.2314e-18
3.62761e-18  2.4645e-18  -2.29297e-18
8.96981e-18  -1.16226e-18  -1.62196e-18
1.26716e-17  -7.5861e-18  -4.21812e-19
1.54456e-17  -1.49665e-17  1.18541e-18
-1.09171e-17  -4.9549e-17  3.43032e-18
-7.52934e-18  -2.18548e-17  3.64731e-19
-6.89162e-18  -1.13803e-17  -1.68736e-19
-6.05099e-18  -6.05006e-18  -4.99321e-19
-4.06043e-18  -2.81181e-18  -8.40451e-19
-1.05946e-18  -1.20761e-18  -1.0756e-18
2.29913e-18  -1.25893e-18  -1.10747e-18
5.24299e-18  -2.98931e-18  -9.26478e-19
7.10062e-18  -6.41887e-18  -6.18792e-19
7.77393e-18  -1.21528e-17  -2.5739e-19
2.6652e-17  -3.22101e-17  -3.82092e-18
6.59281e-18  -1.515e-17  -2.68765e-18
-7.59562e-19  -7.55206e-18  -1.4498e-18
-2.81264e-18  -4.05681e-18  -8.41555e-19
-2.29346e-18  -2.28974e-18  -6.00562e-19
-5.06885e-19  -1.52438e-18  -5.24563e-19
1.6805e-18  -1.54138e-18  -5.33182e-19
3.38019e-18  -2.35472e-18  -6.20746e-19
3.64846e-18  -4.20919e-18  -8.70024e-19
1.05645e-18  -7.98434e-18  -1.47126e-18
3.93123e-17  -8.49937e-18  -8.53164e-18
1.36597e-17  -4.57489e-18  -4.60209e-18
2.57808e-18  -2.20984e-18  -2.2348e-18
-1.20809e-18  -1.053e-18  -1.07756e-18
-1.52798e-18  -5.00037e-19  -5.25433e-19
-2.67748e-19  -2.60743e-19  -2.88066e-19
1.44776e-18  -2.45675e-19  -2.7603e-19
2.59478e-18  -4.52166e-19  -4.86425e-19
1.96914e-18  -9.82188e-19  -1.01979e-18
-2.48806e-18  -2.13289e-18  -2.17053e-18
3.91894e-17  1.09525e-17  -8.62906e-18
1.34365e-17  6.37817e-18  -4.69721e-18
2.46791e-18  3.63622e-18  -2.29684e-18
-1.25874e-18  2.3088e-18  -1.11007e-18
-1.54452e-18  1.69089e-18  -5.34733e-19
-2.52566e-19  1.45864e-18  -2.76779e-19
1.49237e-18  1.50334e-18  -2.44024e-19
2.67989e-18  1.83966e-18  -4.3466e-19
2.12256e-18  2.60503e-18  -9.52159e-19
-2.19586e-18  4.18352e-18  -2.08826e-18
2.45004e-17  3.60612e-17  -4.17086e-18
5.61756e-18  1.71061e-17  -2.97665e-18
-1.15747e-18  8.98187e-18  -1.62615e-18
-2.98808e-18  5.25635e-18  -9.29513e-19
-2.35711e-18  3.39458e-18  -6.22753e-19
-4.5856e-19  2.60993e-18  -4.8765e-19
1.82886e-18  2.69559e-18  -4.35174e-19
3.65352e-18  3.66941e-18  -4.65064e-19
4.10737e-18  5.77822e-18  -6.73487e-19
1.90765e-18  9.93451e-18  -1.24507e-18
-1.59951e-17  5.14962e-17  2.69417e-18
-9.17587e-18  2.3363e-17  -1.0579e-19
-7.57989e-18  1.2688e-17  -4.26495e-19
-6.41637e-18  7.11851e-18  -6.22201e-19
-4.21056e-18  3.66757e-18  -8.72352e-19
-9.87747e-19  1.98934e-18  -1.02135e-18
2.59482e-18  2.1437e-18  -9.53042e-19
5.76257e-18  4.12916e-18  -6.73851e-19
7.87439e-18  7.89643e-18  -3.22516e-19
8.9464e-18  1.38865e-17  2.1433e-20
-5.06431e-17  3.38657e-17  9.35053e-18
-2.21031e-17  2.31797e-17  3.24804e-18
-1.49582e-17  1.54672e-17  1.18017e-18
-1.2149e-17  7.79735e-18  -2.6098e-19
-7.98455e-18  1.08083e-18  -1.47355e-18
-2.13713e-18  -2.46224e-18  -2.17214e-18
4.17447e-18  -2.16833e-18  -2.08941e-18
9.91963e-18  1.93653e-18  -1.24571e-18
1.38647e-17  8.9761e-18  2.14081e-20
1.65091e-17  1.6539e-17  1.44177e-18
-5.05525e-17  -5.06852e-17  -3.15101e-17
-1.99316e-17  -4.20282e-17  -1.90077e-17
-3.41475e-17  -4.61226e-17  -1.14429e-17
-4.87057e-17  -9.94705e-18  -2.84667e-18
-3.16782e-17  2.68685e-17  5.77763e-18
-8.60636e-18  3.91854e-17  1.09363e-17
1.01385e-17  3.93627e-17  1.01226e-17
3.47857e-17  2.55603e-17  3.58662e-18
5.02268e-17  -1.38097e-17  -5.78606e-18
3.29902e-17  -4.75866e-17  -1.45008e-17
-4.19824e-17  -1.99045e-17  -1.90186e-17
-2.47507e-17  -2.47616e-17  -8.2905e-18
-2.15888e-17  -2.03953e-17  -3.26908e-18
-2.15286e-17  -7.38957e-18  8.36426e-19
-1.49906e-17  6.4615e-18  4.37314e-18
-4.67575e-18  1.34336e-17  6.36436e-18
5.99897e-18  1.33726e-17  5.99171e-18
1.65571e-17  5.94185e-18  3.35955e-18
2.2818e-17  -8.36995e-18  -5.72507e-19
2.27614e-17  -2.08861e-17  -4.8201e-18
-4.61309e-17  -3.41412e-17  -1.14379e-17
-2.03903e-17  -2.15901e-17  -3.26884e-18
-1.38969e-17  -1.38996e-17  -4.12266e-19
-1.12682e-17  -6.86948e-18  1.4294e-18
-7.51905e-18  -8.49635e-19  2.85579e-18
-2.27745e-18  2.46575e-18  3.62443e-18
3.46461e-18  2.44626e-18  3.46125e-18
8.75666e-18  -9.92146e-19  2.41357e-18
1.24805e-17  -7.18027e-18  8.13161e-19
1.53202e-17  -1.43264e-17  -1.08837e-18
-9.93845e-18  -4.87192e-17  -2.85138e-18
-7.38394e-18  -2.15308e-17  8.34532e-19
-6.86656e-18  -1.12686e-17  1.42847e-18
-6.04629e-18  -6.04647e-18  1.76135e-18
-4.07182e-18  -2.86195e-18  2.0958e-18
-1.0915e-18  -1.25953e-18  2.29688e-18
2.24548e-18  -1.25725e-18  2.24305e-18
5.1935e-18  -2.88689e-18  1.95815e-18
7.09521e-18  -6.18585e-18  1.59597e-18
7.8497e-18  -1.1764e-17  1.31187e-18
2.68904e-17  -3.16772e-17  5.76225e-18
6.47003e-18  -1.49891e-17  4.36842e-18
-8.46028e-19  -7.5168e-18  2.8536e-18
-2.86163e-18  -4.06918e-18  2.09482e-18
-2.32069e-18  -2.31794e-18  1.7794e-18
-5.15654e-19  -1.54357e-18  1.67698e-18
1.68738e-18  -1.52733e-18  1.6837e-18
3.41908e-18  -2.28681e-18  1.81626e-18
3.751e-18  -4.07213e-18  2.20402e-18
1.28174e-18  -7.75522e-18  3.12387e-18
3.91984e-17  -8.59605e-18  1.09241e-17
1.34414e-17  -4.67024e-18  6.35924e-18
2.46972e-18  -2.2722e-18  3.62139e-18
-1.25889e-18  -1.08583e-18  2.29499e-18
-1.54621e-18  -5.09635e-19  1.67606e-18
-2.55837e-19  -2.49691e-19  1.44083e-18
1.48717e-18  -2.13761e-19  1.48015e-18
2.67334e-18  -3.99975e-19  1.80808e-18
2.11801e-18  -9.1316e-19  2.56406e-18
-2.1931e-18  -2.04859e-18  4.13946e-18
3.93705e-17  1.01434e-17  1.01171e-17
1.33802e-17  6.00604e-18  5.98723e-18
2.45079e-18  3.47267e-18  3.4576e-18
-1.25599e-18  2.25442e-18  2.24032e-18
-1.52956e-18  1.69701e-18  1.6819e-18
-2.19735e-19  1.49723e-18  1.47923e-18
1.54226e-18  1.5525e-18  1.52942e-18
2.75688e-18  1.87807e-18  1.84759e-18
2.25369e-18  2.60793e-18  2.56993e-18
-1.93877e-18  4.11656e-18  4.07669e-18
2.55749e-17  3.47915e-17  3.57939e-18
5.95141e-18  1.65665e-17  3.35424e-18
-9.8631e-19  8.76799e-18  2.40912e-18
-2.88462e-18  5.20623e-18  1.95461e-18
-2.2883e-18  3.43288e-18  1.81366e-18
-4.05497e-19  2.68792e-18  1.80635e-18
1.868e-18  2.77194e-18  1.84677e-18
3.687e-18  3.70224e-18  1.95221e-18
4.1552e-18  5.71979e-18  2.24336e-18
2.02299e-18  9.7282e-18  2.9724e-18
-1.37924e-17  5.0239e-17  -5.80381e-18
-8.35825e-18  2.28313e-17  -5.80413e-19
-7.17261e-18  1.24959e-17  8.07502e-19
-6.18217e-18  7.11243e-18  1.59153e-18
-4.07254e-18  3.76959e-18  2.20062e-18
-9.17884e-19  2.13768e-18  2.56154e-18
2.59841e-18  2.27422e-18  2.56827e-18
5.70479e-18  4.17637e-18  2.24251e-18
7.75948e-18  7.78095e-18  1.72626e-18
8.85181e-18  1.35298e-17  1.15681e-18
-4.75701e-17  3.30048e-17  -1.45257e-17
-2.0872e-17  2.27785e-17  -4.8305e-18
-1.43163e-17  1.53407e-17  -1.09555e-18
-1.17586e-17  7.87252e-18  1.30632e-18
-7.75434e-18  1.30603e-18  3.11966e-18
-2.0522e-18  -2.1675e-18  4.13614e-18
4.10793e-18  -1.91211e-18  4.07397e-18
9.71411e-18  2.05081e-18  2.97038e-18
1.35088e-17  8.88105e-18  1.15587e-18
1.61726e-17  1.62023e-17  -1.1035e-18
-2.36534e-17  -2.38524e-17  -5.15662e-17
-7.27979e-18  -1.78148e-17  -3.26152e-17
-2.07744e-17  -2.66986e-17  -1.68507e-17
-3.27751e-17  -1.93093e-18  3.09906e-18
-1.84535e-17  2.10683e-17  2.35081e-17
-4.14937e-18  2.4506e-17  3.60422e-17
3.6026e-18  2.55768e-17  3.47796e-17
2.01879e-17  2.20959e-17  2.0182e-17
3.39355e-17  -2.95568e-18  -1.16711e-18
1.98571e-17  -2.57406e-17  -2.09848e-17
-1.77522e-17  -7.23319e-18  -3.2616e-17
-1.49264e-17  -1.49376e-17  -1.65163e-17
-1.42664e-17  -1.43667e-17  -6.24563e-18
-1.45617e-17  -6.5337e-18  3.41488e-18
-9.68188e-18  1.94464e-18  1.20472e-17
-2.95534e-18  5.62004e-18  1.71013e-17
3.36685e-18  5.94906e-18  1.65633e-17
1.06013e-17  2.46153e-18  1.06075e-17
1.55736e-17  -6.15796e-18  1.47353e-18
1.53563e-17  -1.3497e-17  -8.32925e-18
-2.67177e-17  -2.07667e-17  -1.68437e-17
-1.43634e-17  -1.42677e-17  -6.24446e-18
-1.03752e-17  -1.03781e-17  -9.32296e-19
-8.32758e-18  -6.47276e-18  3.37383e-18
-5.39828e-18  -3.02822e-18  6.94644e-18
-1.60682e-18  -1.15811e-18  8.98156e-18
2.4168e-18  -9.89382e-19  8.76806e-18
6.36208e-18  -2.65455e-18  6.37331e-18
9.41404e-18  -6.05363e-18  2.58807e-18
1.17357e-17  -9.95441e-18  -1.8019e-18
-1.92009e-18  -3.28e-17  3.10186e-18
-6.52797e-18  -1.45665e-17  3.41503e-18
-6.46936e-18  -8.32908e-18  3.37343e-18
-5.45004e-18  -5.45105e-18  3.95206e-18
-3.53804e-18  -3.80986e-18  4.73473e-18
-9.10951e-19  -2.9899e-18  5.25636e-18
1.96041e-18  -2.88688e-18  5.2064e-18
4.60169e-18  -3.55008e-18  4.6144e-18
6.52327e-18  -5.15389e-18  3.824e-18
7.55292e-18  -8.22566e-18  3.33108e-18
2.11034e-17  -1.84552e-17  2.35065e-17
1.95564e-18  -9.68193e-18  1.20457e-17
-3.02364e-18  -5.39709e-18  6.94505e-18
-3.80866e-18  -3.53635e-18  4.73391e-18
-2.70256e-18  -2.70073e-18  3.75525e-18
-6.03622e-19  -2.35923e-18  3.39251e-18
1.81981e-18  -2.28903e-18  3.431e-18
3.87461e-18  -2.51249e-18  3.88638e-18
4.85164e-18  -3.27983e-18  5.00428e-18
3.77524e-18  -5.22727e-18  7.49414e-18
2.45258e-17  -4.13353e-18  3.60416e-17
5.6295e-18  -2.94963e-18  1.7099e-17
-1.15326e-18  -1.60233e-18  8.9792e-18
-2.98839e-18  -9.06218e-19  5.25454e-18
-2.36093e-18  -5.98565e-19  3.39152e-18
-4.6643e-19  -4.61247e-19  2.60343e-18
1.81512e-18  -4.04646e-19  2.68194e-18
3.63282e-18  -4.26824e-19  3.64143e-18
4.08778e-18  -6.23018e-19  5.72623e-18
1.91323e-18  -1.18756e-18  9.8674e-18
2.55823e-17  3.60983e-18  3.47807e-17
5.95635e-18  3.37369e-18  1.65605e-17
-9.84327e-19  2.42405e-18  8.76473e-18
-2.88483e-18  1.96842e-18  5.20353e-18
-2.29034e-18  1.82849e-18  3.42893e-18
-4.09668e-19  1.82421e-18  2.68086e-18
1.86103e-18  1.87029e-18  2.7592e-18
3.67745e-18  1.98492e-18  3.68036e-18
4.14758e-18  2.2872e-18  5.68682e-18
2.02598e-18  3.02064e-18  9.69091e-18
2.21094e-17  2.01884e-17  2.0182e-17
2.47096e-18  1.06089e-17  1.06036e-17
-2.64819e-18  6.37223e-18  6.36884e-18
-3.54701e-18  4.61339e-18  4.61039e-18
-2.51305e-18  3.88742e-18  3.88319e-18
-4.314e-19  3.64642e-18  3.63922e-18
1.97582e-18  3.69152e-18  3.67922e-18
4.03186e-18  4.04611e-18  4.02645e-18
5.04393e-18  4.95288e-18  4.92575e-18
4.13406e-18  7.07059e-18  7.04168e-18
-2.92887e-18  3.39392e-17  -1.16977e-18
-6.14439e-18  1.55842e-17  1.46783e-18
-6.04501e-18  9.42794e-18  2.58222e-18
-5.14928e-18  6.53931e-18  3.81875e-18
-3.27927e-18  4.8692e-18  4.99991e-18
-6.26804e-19  4.10645e-18  5.72287e-18
2.27861e-18  4.16706e-18  5.68452e-18
4.93888e-18  5.06401e-18  4.92458e-18
6.86913e-18  6.88955e-18  3.80532e-18
8.02795e-18  1.0032e-17  2.78723e-18
-2.57063e-17  1.9868e-17  -2.09927e-17
-1.34792e-17  1.5371e-17  -8.33737e-18
-9.94287e-18  1.17542e-17  -1.80942e-18
-8.21912e-18  7.57405e-18  3.32429e-18
-5.22523e-18  3.79818e-18  7.48835e-18
-1.19028e-18  1.93762e-18  9.86276e-18
3.01277e-18  2.05116e-18  9.68733e-18
7.05755e-18  4.16019e-18  7.0392e-18
1.00123e-17  8.05587e-18  2.78604e-18
1.19882e-17  1.2017e-17  -2.24383e-18
-8.18805e-18  -8.37389e-18  -3.55664e-17
7.15411e-18  -3.89025e-18  -2.50294e-17
-1.40951e-18  -1.88714e-17  -8.61438e-18
-9.01172e-18  -1.02535e-17  1.39966e-17
1.32853e-18  -6.83393e-18  3.71922e-17
2.72629e-18  -1.59563e-17  5.14891e-17
-5.76792e-18  -1.37793e-17  5.02476e-17
-1.1621e-18  -2.94257e-18  3.39561e-17
9.91888e-18  -7.86039e-18  9.93746e-18
1.05007e-18  -1.52194e-17  -1.23764e-17
-3.83905e-18  7.20364e-18  -2.50186e-17
-3.85787e-18  -3.86625e-18  -1.63774e-17
-3.45088e-18  -8.69048e-18  -5.44683e-18
-3.68882e-18  -8.46454e-18  6.27643e-18
-1.25408e-18  -7.92887e-18  1.69848e-17
-8.30151e-20  -9.1649e-18  2.33736e-17
-5.65163e-19  -8.35626e-18  2.28442e-17
1.46683e-18  -6.15187e-18  1.5599e-17
4.44933e-18  -6.48494e-18  4.47389e-18
4.53978e-18  -6.2942e-18  -7.30777e-18
-1.89013e-17  -1.40234e-18  -8.60828e-18
-8.68998e-18  -3.45204e-18  -5.44562e-18
-5.28627e-18  -5.28875e-18  -1.38433e-19
-3.61615e-18  -6.33465e-18  5.2578e-18
-1.88093e-18  -7.06173e-18  9.93575e-18
-4.07292e-19  -7.57896e-18  1.27018e-17
8.15862e-19  -7.17488e-18  1.25098e-17
2.57647e-18  -6.05106e-18  9.44248e-18
4.59032e-18  -5.03715e-18  4.61822e-18
6.61748e-18  -3.86903e-18  -8.25965e-19
-1.02526e-17  -9.03827e-18  1.40031e-17
-8.46099e-18  -3.6947e-18  6.27723e-18
-6.33145e-18  -3.61833e-18  5.25764e-18
-4.65957e-18  -4.66117e-18  5.75109e-18
-2.75519e-18  -5.77674e-18  6.54333e-18
-6.04049e-19  -6.41935e-18  7.13183e-18
1.59765e-18  -6.1857e-18  7.12551e-18
3.81097e-18  -5.15369e-18  6.55275e-18
5.78513e-18  -3.82226e-18  5.81418e-18
7.57475e-18  -2.78385e-18  5.40689e-18
-6.81024e-18  1.32675e-18  3.72007e-17
-7.91983e-18  -1.25513e-18  1.6985e-17
-7.05718e-18  -1.88075e-18  9.93475e-18
-5.77493e-18  -2.75445e-18  6.54253e-18
-3.66784e-18  -3.66696e-18  4.57248e-18
-8.53623e-19  -4.21577e-18  3.67872e-18
2.20709e-18  -4.07624e-18  3.78048e-18
4.99228e-18  -3.28157e-18  4.88048e-18
7.01792e-18  -2.184e-18  7.04645e-18
8.23365e-18  -1.22362e-18  1.06877e-17
-1.59486e-17  2.74055e-18  5.14958e-17
-9.15757e-18  -7.8418e-20  2.33725e-17
-7.57413e-18  -4.03928e-19  1.26996e-17
-6.41722e-18  -6.00443e-19  7.12991e-18
-4.21653e-18  -8.49709e-19  3.67759e-18
-1.00019e-18  -9.96154e-19  1.99658e-18
2.571e-18  -9.21979e-19  2.145e-18
5.71752e-18  -6.26721e-19  4.11445e-18
7.80665e-18  -2.26733e-19  7.83314e-18
8.95439e-18  1.79453e-19  1.37611e-17
-1.37827e-17  -5.76368e-18  5.02479e-17
-8.35079e-18  -5.5979e-19  2.28412e-17
-7.16982e-18  8.21838e-19  1.25062e-17
-6.18305e-18  1.6044e-18  7.12225e-18
-4.07662e-18  2.21451e-18  3.77799e-18
-9.25851e-19  2.57882e-18  2.14364e-18
2.5847e-18  2.59269e-18  2.27602e-18
5.68416e-18  2.28132e-18  4.17056e-18
7.73999e-18  1.78916e-18  7.76301e-18
8.85756e-18  1.23495e-18  1.3505e-17
-2.93812e-18  -1.16028e-18  3.39543e-17
-6.14428e-18  1.47339e-18  1.55943e-17
-6.04466e-18  2.58532e-18  9.43741e-18
-5.15001e-18  3.82137e-18  6.54806e-18
-3.2812e-18  5.0038e-18  4.87656e-18
-6.30159e-19  5.72983e-18  4.11163e-18
2.27348e-18  5.69693e-18  4.1691e-18
4.93241e-18  4.94536e-18  5.06181e-18
6.86469e-18  3.83543e-18  6.88316e-18
8.031e-18  2.82035e-18  1.00252e-17
-7.85159e-18  9.92555e-18  9.94322e-18
-6.47436e-18  4.45894e-18  4.469e-18
-5.02857e-18  4.60286e-18  4.61191e-18
-3.81701e-18  5.79981e-18  5.80811e-18
-2.18249e-18  7.03416e-18  7.04113e-18
-2.29385e-19  7.82404e-18  7.82892e-18
1.78181e-18  7.75818e-18  7.76012e-18
3.82274e-18  6.88349e-18  6.88171e-18
5.65272e-18  5.6719e-18  5.66687e-18
7.29024e-18  4.61984e-18  4.61497e-18
-1.52041e-17  1.0526e-18  -1.23682e-17
-6.27903e-18  4.55182e-18  -7.31358e-18
-3.85746e-18  6.63441e-18  -8.33569e-19
-2.7767e-18  7.59417e-18  5.39943e-18
-1.22051e-18  8.25489e-18  1.0681e-17
1.77985e-19  8.9774e-18  1.37556e-17
1.22834e-18  8.88154e-18  1.35009e-17
2.80872e-18  8.05595e-18  1.00225e-17
4.60154e-18  7.31724e-18  4.61401e-18
6.03056e-18  6.05873e-18  -1.4045e-18
-8.65825e-19  -1.00442e-18  -4.40781e-17
2.04635e-17  2.33018e-18  -2.97434e-17
1.70631e-17  -1.667e-17  -1.46801e-17
1.32252e-17  -2.02288e-17  3.54229e-18
1.9975e-17  -3.18233e-17  2.20252e-17
9.39043e-18  -5.05894e-17  3.39085e-17
-1.44823e-17  -4.7559e-17  3.30439e-17
-2.09848e-17  -2.57301e-17  1.99054e-17
-1.24004e-17  -1.52146e-17  1.08818e-18
-1.69317e-17  -1.10256e-17  -1.69009e-17
2.36384e-18  2.05042e-17  -2.97426e-17
6.82625e-18  6.81998e-18  -1.75069e-17
8.10543e-18  -2.88339e-18  -5.93086e-18
7.98017e-18  -9.60421e-18  5.62682e-18
8.0553e-18  -1.63358e-17  1.63408e-17
3.27114e-18  -2.20907e-17  2.32133e-17
-4.81409e-18  -2.08709e-17  2.28109e-17
-8.33821e-18  -1.34888e-17  1.5403e-17
-7.33389e-18  -6.29047e-18  4.583e-18
-7.04013e-18  7.34168e-19  -6.9987e-18
-1.66996e-17  1.70665e-17  -1.46866e-17
-2.8833e-18  8.10399e-18  -5.93063e-18
5.80398e-19  5.78305e-19  9.29274e-19
1.79445e-18  -5.9814e-18  6.82423e-18
2.39176e-18  -1.15812e-17  1.20102e-17
1.19869e-18  -1.49583e-17  1.54968e-17
-1.08702e-18  -1.43199e-17  1.53698e-17
-1.8151e-18  -9.95056e-18  1.17831e-17
-8.54831e-19  -3.86751e-18  6.66243e-18
6.35023e-19  2.85266e-18  6.788e-19
-2.02303e-17  1.32008e-17  3.53317e-18
-9.60043e-18  7.97356e-18  5.62615e-18
-5.97843e-18  1.79156e-18  6.82406e-18
-4.18455e-18  -4.18677e-18  7.1238e-18
-2.12994e-18  -9.2645e-18  7.30415e-18
-2.43747e-19  -1.21538e-17  7.82462e-18
1.31237e-18  -1.17641e-17  7.89915e-18
3.31669e-18  -8.22544e-18  7.60055e-18
5.37704e-18  -2.78354e-18  7.62021e-18
7.17502e-18  3.28271e-18  7.21954e-18
-3.18097e-17  1.99753e-17  2.20185e-17
-1.63275e-17  8.05352e-18  1.6339e-17
-1.15769e-17  2.39086e-18  1.20088e-17
-9.26205e-18  -2.13026e-18  7.30308e-18
-5.86109e-18  -5.8613e-18  3.1409e-18
-1.45586e-18  -7.99239e-18  1.10595e-18
3.12601e-18  -7.76072e-18  1.33024e-18
7.48113e-18  -5.2301e-18  3.8224e-18
1.06587e-17  -1.22431e-18  8.27933e-18
1.28414e-17  3.469e-18  1.28866e-17
-5.05914e-17  9.40016e-18  3.39033e-17
-2.20844e-17  3.27392e-18  2.32104e-17
-1.49535e-17  1.20066e-18  1.54942e-17
-1.21511e-17  -2.41474e-19  7.82234e-18
-7.9921e-18  -1.45335e-18  1.10459e-18
-2.15195e-18  -2.14934e-18  -2.43946e-18
4.14562e-18  -2.05972e-18  -2.14584e-18
9.85804e-18  -1.1933e-18  1.95933e-18
1.37344e-17  1.77691e-19  8.99968e-18
1.65195e-17  1.85261e-18  1.65646e-17
-4.75612e-17  -1.44863e-17  3.30326e-17
-2.08649e-17  -4.81147e-18  2.28054e-17
-1.43146e-17  -1.08285e-18  1.53654e-17
-1.17609e-17  1.31748e-18  7.89521e-18
-7.7601e-18  3.13176e-18  1.32708e-18
-2.06215e-18  4.15178e-18  -2.14765e-18
4.09136e-18  4.0977e-18  -1.89242e-18
9.68796e-18  3.01207e-18  2.07099e-18
1.34818e-17  1.23246e-18  8.90193e-18
1.61809e-17  -1.00067e-18  1.6225e-17
-2.57194e-17  -2.09821e-17  1.98866e-17
-1.34798e-17  -8.33299e-18  1.53946e-17
-9.94367e-18  -1.80781e-18  1.17767e-17
-8.22118e-18  3.32551e-18  7.59469e-18
-5.22874e-18  7.49104e-18  3.81727e-18
-1.19529e-18  9.86872e-18  1.95561e-18
3.00586e-18  9.69904e-18  2.06908e-18
7.04887e-18  7.06009e-18  4.17861e-18
1.00065e-17  2.81784e-18  8.07469e-18
1.19938e-17  -2.20814e-18  1.20371e-17
-1.52159e-17  -1.23827e-17  1.07256e-18
-6.2808e-18  -7.3239e-18  4.57365e-18
-3.8587e-18  -8.43366e-19  6.6546e-18
-2.77779e-18  5.39048e-18  7.6129e-18
-1.22186e-18  1.06736e-17  8.27264e-18
1.76404e-19  1.37503e-17  8.99426e-18
1.22664e-18  1.34984e-17  8.89812e-18
2.80687e-18  1.00237e-17  8.07263e-18
4.6007e-18  4.61835e-18  7.33388e-18
6.03273e-18  -1.40047e-18  6.07603e-18
-1.10364e-17  -1.69303e-17  -1.69055e-17
7.46035e-19  -7.02922e-18  -7.00752e-18
2.86421e-18  6.507e-19  6.70136e-19
3.29034e-18  7.19322e-18  7.21135e-18
3.47307e-18  1.28615e-17  1.2879e-17
1.85242e-18  1.65415e-17  1.65581e-17
-1.0059e-18  1.62037e-17  1.62198e-17
-2.21783e-18  1.20178e-17  1.20335e-17
-1.41685e-18  6.05956e-18  6.07496e-18
-5.9823e-16  -5.98091e-16  -5.97788e-16
7e-18  -2.15743e-18
-5.85246e-18  3.11399e-18  -5.8894e-18
-1.43876e-18  1.07981e-18  -8.02095e-18
3.16117e-18  1.30425e-18  -7.78925e-18
7.57034e-18  3.79608e-18  -5.25813e-18
1.1044e-17  8.25236e-18  -1.25139e-18
-5.9823e-16  -5.98091e-16  -5.97788e-16
