forces from task 1
2.51447e-13  2.51447e-13  2.51447e-13
-1.09584e-13  1.15007e-13  1.15007e-13
-4.34265e-14  2.51041e-13  2.51041e-13
1.85688e-13  1.44055e-13  1.44055e-13
-1.74182e-13  2.99585e-13  2.99585e-13
-8.97596e-14  1.26412e-13  1.26412e-13
3.56232e-14  1.79021e-13  1.79021e-13
1.6086e-13  1.86128e-13  1.86128e-13
-2.30577e-13  1.72111e-13  1.72111e-13
8.02813e-14  1.8408e-13  1.8408e-13
1.15007e-13  -1.09584e-13  1.15007e-13
-8.25099e-14  -8.25099e-14  7.19563e-15
-1.28566e-13  -7.2784e-14  1.09285e-13
1.14506e-13  -6.24097e-14  1.82794e-14
-5.91225e-14  -1.83495e-13  1.53946e-13
-8.07765e-14  -4.79589e-14  2.06868e-15
6.06096e-14  -6.30578e-14  5.07238e-14
1.10282e-13  -1.23355e-13  6.47344e-14
-1.42058e-13  -6.59187e-14  4.4211e-14
-2.97144e-14  -6.57992e-14  6.53463e-14
2.51041e-13  -4.34265e-14  2.51041e-13
-7.2784e-14  -1.28566e-13  1.09285e-13
1.30466e-13  1.30466e-13  3.20429e-13
9.55023e-14  -1.6518e-13  1.34424e-13
-2.23797e-13  5.74281e-14  3.31106e-13
2.70742e-14  -1.30495e-13  1.29791e-13
-1.38977e-13  -1.65528e-14  2.12554e-13
1.94742e-13  -7.00337e-14  1.92843e-13
-2.15462e-13  -1.41689e-13  1.59622e-13
1.97273e-13  5.64493e-14  2.24491e-13
1.44055e-13  1.85688e-13  1.44055e-13
-6.24097e-14  1.14506e-13  1.82794e-14
-1.6518e-13  9.55023e-14  1.34424e-13
1.63562e-13  1.63562e-13  4.25281e-14
-2.18315e-14  1.77824e-13  1.71002e-13
-1.14418e-13  1.35555e-13  2.33404e-14
1.04272e-13  1.2506e-13  7.25632e-14
6.90127e-14  1.44282e-13  7.72924e-14
-1.65555e-13  1.55677e-13  7.01989e-14
-6.49442e-15  8.94257e-14  8.38969e-14
2.99585e-13  -1.74182e-13  2.99585e-13
-1.83495e-13  -5.91225e-14  1.53946e-13
5.74281e-14  -2.23797e-13  3.31106e-13
1.77824e-13  -2.18315e-14  1.71002e-13
-3.17774e-13  -3.17774e-13  4.08047e-13
-5.23664e-14  -1.30448e-14  1.53347e-13
-6.38439e-14  -9.99548e-14  2.28924e-13
2.88767e-13  -1.5556e-13  2.52339e-13
-2.68276e-13  -6.56372e-14  2.02745e-13
9.78954e-14  -1.44645e-13  2.34639e-13
1.26412e-13  -8.97596e-14  1.26412e-13
-4.79589e-14  -8.07765e-14  2.06868e-15
-1.30495e-13  2.70742e-14  1.29791e-13
1.35555e-13  -1.14418e-13  2.33404e-14
-1.30448e-14  -5.23664e-14  1.53347e-13
-1.01952e-13  -1.01952e-13  2.02173e-15
5.08339e-14  -3.69992e-14  6.10683e-14
7.64752e-14  -7.32256e-14  6.21219e-14
-1.61235e-13  -1.17465e-13  5.07733e-14
1.31067e-14  7.98138e-15  7.80307e-14
1.79021e-13  3.56232e-14  1.79021e-13
-6.30578e-14  6.06096e-14  5.07238e-14
-1.65528e-14  -1.38977e-13  2.12554e-13
1.2506e-13  1.04272e-13  7.25632e-14
-9.99548e-14  -6.38439e-14  2.28924e-13
-3.69992e-14  5.08339e-14  6.10683e-14
-1.623e-14  -1.623e-14  1.26504e-13
1.09422e-13  2.64225e-14  1.18275e-13
-1.68633e-13  7.93165e-14  1.00363e-13
9.39609e-14  -6.91168e-14  1.40485e-13
1.86128e-13  1.6086e-13  1.86128e-13
-1.23355e-13  1.10282e-13  6.47344e-14
-7.00337e-14  1.94742e-13  1.92843e-13
1.44282e-13  6.90127e-14  7.72924e-14
-1.5556e-13  2.88767e-13  2.52339e-13
-7.32256e-14  7.64752e-14  6.21219e-14
2.64225e-14  1.09422e-13  1.18275e-13
1.78224e-13  1.78224e-13  1.38249e-13
-1.90716e-13  1.15981e-13  1.07659e-13
9.67973e-15  1.33563e-13  1.29016e-13
1.72111e-13  -2.30577e-13  1.72111e-13
-6.59187e-14  -1.42058e-13  4.4211e-14
-1.41689e-13  -2.15462e-13  1.59622e-13
1.55677e-13  -1.65555e-13  7.01989e-14
-6.56372e-14  -2.68276e-13  2.02745e-13
-1.17465e-13  -1.61235e-13  5.07733e-14
7.93165e-14  -1.68633e-13  1.00363e-13
1.15981e-13  -1.90716e-13  1.07659e-13
-2.0024e-13  -2.0024e-13  9.72758e-14
4.41005e-15  -1.56208e-13  1.08434e-13
1.8408e-13  8.02813e-14  1.8408e-13
-6.57992e-14  -2.97144e-14  6.53463e-14
5.64493e-14  1.97273e-13  2.24491e-13
8.94257e-14  -6.49442e-15  8.38969e-14
-1.44645e-13  9.78954e-14  2.34639e-13
7.98138e-15  1.31067e-14  7.80307e-14
-6.91168e-14  9.39609e-14  1.40485e-13
1.33563e-13  9.67973e-15  1.29016e-13
-1.56208e-13  4.41005e-15  1.08434e-13
1.27306e-13  1.27306e-13  1.56722e-13
1.15007e-13  1.15007e-13  -1.09584e-13
-8.25099e-14  7.19563e-15  -8.25099e-14
-1.28566e-13  1.09285e-13  -7.2784e-14
1.14506e-13  1.82794e-14  -6.24097e-14
-5.91225e-14  1.53946e-13  -1.83495e-13
-8.07765e-14  2.06868e-15  -4.79589e-14
6.06096e-14  5.07238e-14  -6.30578e-14
1.10282e-13  6.47344e-14  -1.23355e-13
-1.42058e-13  4.4211e-14  -6.59187e-14
-2.97144e-14  6.53463e-14  -6.57992e-14
7.19563e-15  -8.25099e-14  -8.25099e-14
-5.28061e-14  -5.28061e-14  -5.28061e-14
-2.1473e-13  -3.74496e-14  -3.74496e-14
6.00955e-14  -3.86403e-14  -3.86403e-14
4.64548e-14  -1.40202e-13  -1.40202e-13
-8.67313e-14  -1.82171e-14  -1.82171e-14
8.839e-14  -3.64329e-14  -3.64329e-14
6.86361e-14  -9.03503e-14  -9.03503e-14
-8.10809e-14  -3.65915e-14  -3.65915e-14
-1.22745e-13  -3.88744e-14  -3.88744e-14
1.09285e-13  -1.28566e-13  -7.2784e-14
-3.74496e-14  -2.1473e-13  -3.74496e-14
9.65016e-16  9.65016e-16  -5.52988e-14
3.18352e-14  -2.46443e-13  -2.19385e-14
-7.96641e-14  -7.42686e-14  -1.39695e-13
1.08127e-14  -2.23926e-13  -5.22739e-15
-8.83512e-14  -1.17342e-13  -3.88986e-14
1.35927e-13  -1.71772e-13  -8.0238e-14
-1.36331e-13  -2.25581e-13  -1.75354e-14
6.35834e-14  -4.55785e-14  -4.78719e-14
1.82794e-14  1.14506e-13  -6.24097e-14
-3.86403e-14  6.00955e-14  -3.86403e-14
-2.46443e-13  3.18352e-14  -2.19385e-14
9.28455e-14  9.28455e-14  -1.58629e-14
8.45941e-14  1.13276e-13  -1.29092e-13
-1.05283e-13  6.62752e-14  4.33562e-16
1.24471e-13  6.0708e-14  -1.60892e-14
2.84002e-14  8.67365e-14  -7.57171e-14
-8.54985e-14  8.4083e-14  -1.84478e-14
-1.10893e-13  3.72011e-14  -2.35745e-14
1.53946e-13  -5.91225e-14  -1.83495e-13
-1.40202e-13  4.64548e-14  -1.40202e-13
-7.42686e-14  -7.96641e-14  -1.39695e-13
1.13276e-13  8.45941e-14  -1.29092e-13
-1.61274e-13  -1.61274e-13  -2.84517e-13
-6.71936e-14  1.00237e-13  -1.06824e-13
-9.45612e-15  1.90867e-14  -1.29676e-13
2.18644e-13  -3.2965e-14  -2.00094e-13
-1.84809e-13  4.5451e-14  -1.26652e-13
-3.03136e-14  -3.11483e-14  -1.19471e-13
2.06868e-15  -8.07765e-14  -4.79589e-14
-1.82171e-14  -8.67313e-14  -1.82171e-14
-2.23926e-13  1.08127e-14  -5.22739e-15
6.62752e-14  -1.05283e-13  4.33562e-16
1.00237e-13  -6.71936e-14  -1.06824e-13
-1.02667e-13  -1.02667e-13  2.1787e-14
7.53977e-14  -3.87767e-14  -3.93761e-15
3.7667e-14  -8.13705e-14  -5.6739e-14
-8.98903e-14  -1.14541e-13  5.5119e-15
-9.61737e-14  -1.58831e-15  -1.2833e-14
5.07238e-14  6.06096e-14  -6.30578e-14
-3.64329e-14  8.839e-14  -3.64329e-14
-1.17342e-13  -8.83512e-14  -3.88986e-14
6.0708e-14  1.24471e-13  -1.60892e-14
1.90867e-14  -9.45612e-15  -1.29676e-13
-3.87767e-14  7.53977e-14  -3.93761e-15
1.95725e-14  1.95725e-14  -2.56488e-14
6.12149e-14  6.42434e-14  -7.39291e-14
-9.01924e-14  9.64323e-14  -1.74051e-14
-2.15948e-14  -2.66964e-14  -3.37986e-14
6.47344e-14  1.10282e-13  -1.23355e-13
-9.03503e-14  6.86361e-14  -9.03503e-14
-1.71772e-13  1.35927e-13  -8.0238e-14
8.67365e-14  2.84002e-14  -7.57171e-14
-3.2965e-14  2.18644e-13  -2.00094e-13
-8.13705e-14  3.7667e-14  -5.6739e-14
6.42434e-14  6.12149e-14  -7.39291e-14
1.26228e-13  1.26228e-13  -1.36901e-13
-1.20492e-13  7.63957e-14  -7.71596e-14
-9.5754e-14  8.44349e-14  -7.11701e-14
4.4211e-14  -1.42058e-13  -6.59187e-14
-3.65915e-14  -8.10809e-14  -3.65915e-14
-2.25581e-13  -1.36331e-13  -1.75354e-14
8.4083e-14  -8.54985e-14  -1.84478e-14
4.5451e-14  -1.84809e-13  -1.26652e-13
-1.14541e-13  -8.98903e-14  5.5119e-15
9.64323e-14  -9.01924e-14  -1.74051e-14
7.63957e-14  -1.20492e-13  -7.71596e-14
-1.24925e-13  -1.24925e-13  -1.41538e-14
-1.00161e-13  -8.65311e-14  -2.49669e-14
6.53463e-14  -2.97144e-14  -6.57992e-14
-3.88744e-14  -1.22745e-13  -3.88744e-14
-4.55785e-14  6.35834e-14  -4.78719e-14
3.72011e-14  -1.10893e-13  -2.35745e-14
-3.11483e-14  -3.03136e-14  -1.19471e-13
-1.58831e-15  -9.61737e-14  -1.2833e-14
-2.66964e-14  -2.15948e-14  -3.37986e-14
8.44349e-14  -9.5754e-14  -7.11701e-14
-8.65311e-14  -1.00161e-13  -2.49669e-14
1.67583e-14  1.67583e-14  -4.08786e-14
2.51041e-13  2.51041e-13  -4.34265e-14
-7.2784e-14  1.09285e-13  -1.28566e-13
1.30466e-13  3.20429e-13  1.30466e-13
9.55023e-14  1.34424e-13  -1.6518e-13
-2.23797e-13  3.31106e-13  5.74281e-14
2.70742e-14  1.29791e-13  -1.30495e-13
-1.38977e-13  2.12554e-13  -1.65528e-14
1.94742e-13  1.92843e-13  -7.00337e-14
-2.15462e-13  1.59622e-13  -1.41689e-13
1.97273e-13  2.24491e-13  5.64493e-14
1.09285e-13  -7.2784e-14  -1.28566e-13
-3.74496e-14  -3.74496e-14  -2.1473e-13
9.65016e-16  -5.52988e-14  9.65016e-16
3.18352e-14  -2.19385e-14  -2.46443e-13
-7.96641e-14  -1.39695e-13  -7.42686e-14
1.08127e-14  -5.22739e-15  -2.23926e-13
-8.83512e-14  -3.88986e-14  -1.17342e-13
1.35927e-13  -8.0238e-14  -1.71772e-13
-1.36331e-13  -1.75354e-14  -2.25581e-13
6.35834e-14  -4.78719e-14  -4.55785e-14
3.20429e-13  1.30466e-13  1.30466e-13
-5.52988e-14  9.65016e-16  9.65016e-16
3.78006e-13  3.78006e-13  3.78006e-13
1.59463e-14  -1.98798e-14  -1.98798e-14
-3.63703e-13  2.96146e-13  2.96146e-13
1.55774e-13  1.80508e-14  1.80508e-14
-3.75865e-13  1.8112e-13  1.8112e-13
2.98826e-13  1.00008e-13  1.00008e-13
-2.5981e-13  -4.47251e-15  -4.47251e-15
3.67972e-13  2.39406e-13  2.39406e-13
1.34424e-13  9.55023e-14  -1.6518e-13
-2.19385e-14  3.18352e-14  -2.46443e-13
-1.98798e-14  1.59463e-14  -1.98798e-14
7.2422e-14  7.2422e-14  -2.98291e-13
-5.00358e-14  7.67279e-14  -9.78872e-14
-5.71971e-15  4.53916e-14  -2.66961e-13
-5.75291e-14  4.39425e-14  -1.54772e-13
9.69416e-14  5.50819e-14  -2.03021e-13
-1.49952e-13  6.24452e-14  -2.66256e-13
9.16613e-14  2.31776e-14  -6.50083e-14
3.31106e-13  -2.23797e-13  5.74281e-14
-1.39695e-13  -7.96641e-14  -7.42686e-14
2.96146e-13  -3.63703e-13  2.96146e-13
7.67279e-14  -5.00358e-14  -9.78872e-14
-4.07728e-13  -4.07728e-13  1.97794e-13
9.12146e-14  -5.24705e-14  -5.61162e-14
-2.98814e-13  -1.88652e-13  1.01547e-13
3.51242e-13  -2.0102e-13  1.31055e-14
-2.78133e-13  -8.69423e-14  -7.41193e-14
2.65978e-13  -2.35494e-13  1.66201e-13
1.29791e-13  2.70742e-14  -1.30495e-13
-5.22739e-15  1.08127e-14  -2.23926e-13
1.80508e-14  1.55774e-13  1.80508e-14
4.53916e-14  -5.71971e-15  -2.66961e-13
-5.24705e-14  9.12146e-14  -5.61162e-14
-1.29437e-15  -1.29437e-15  -2.44392e-13
-1.22031e-13  8.36063e-14  -1.15619e-13
1.21874e-13  3.98132e-14  -1.71939e-13
-1.65697e-13  -2.16719e-14  -2.47016e-13
1.16841e-13  1.11908e-13  -3.2248e-14
2.12554e-13  -1.38977e-13  -1.65528e-14
-3.88986e-14  -8.83512e-14  -1.17342e-13
1.8112e-13  -3.75865e-13  1.8112e-13
4.39425e-14  -5.75291e-14  -1.54772e-13
-1.88652e-13  -2.98814e-13  1.01547e-13
8.36063e-14  -1.22031e-13  -1.15619e-13
-2.11426e-13  -2.11426e-13  1.49947e-14
1.75078e-13  -1.52836e-13  -4.78358e-14
-1.81677e-13  -8.41579e-14  -1.27877e-13
2.27987e-13  -2.42826e-13  8.68407e-14
1.92843e-13  1.94742e-13  -7.00337e-14
-8.0238e-14  1.35927e-13  -1.71772e-13
1.00008e-13  2.98826e-13  1.00008e-13
5.50819e-14  9.69416e-14  -2.03021e-13
-2.0102e-13  3.51242e-13  1.31055e-14
3.98132e-14  1.21874e-13  -1.71939e-13
-1.52836e-13  1.75078e-13  -4.78358e-14
2.15373e-13  2.15373e-13  -1.15315e-13
-1.87473e-13  1.48082e-13  -1.78622e-13
1.30448e-13  1.98354e-13  2.3819e-14
1.59622e-13  -2.15462e-13  -1.41689e-13
-1.75354e-14  -1.36331e-13  -2.25581e-13
-4.47251e-15  -2.5981e-13  -4.47251e-15
6.24452e-14  -1.49952e-13  -2.66256e-13
-8.69423e-14  -2.78133e-13  -7.41193e-14
-2.16719e-14  -1.65697e-13  -2.47016e-13
-8.41579e-14  -1.81677e-13  -1.27877e-13
1.48082e-13  -1.87473e-13  -1.78622e-13
-1.93686e-13  -1.93686e-13  -2.50436e-13
1.00165e-13  -1.74913e-13  -4.56582e-14
2.24491e-13  1.97273e-13  5.64493e-14
-4.78719e-14  6.35834e-14  -4.55785e-14
2.39406e-13  3.67972e-13  2.39406e-13
2.31776e-14  9.16613e-14  -6.50083e-14
-2.35494e-13  2.65978e-13  1.66201e-13
1.11908e-13  1.16841e-13  -3.2248e-14
-2.42826e-13  2.27987e-13  8.68407e-14
1.98354e-13  1.30448e-13  2.3819e-14
-1.74913e-13  1.00165e-13  -4.56582e-14
2.54072e-13  2.54072e-13  1.43523e-13
1.44055e-13  1.44055e-13  1.85688e-13
-6.24097e-14  1.82794e-14  1.14506e-13
-1.6518e-13  1.34424e-13  9.55023e-14
1.63562e-13  4.25281e-14  1.63562e-13
-2.18315e-14  1.71002e-13  1.77824e-13
-1.14418e-13  2.33404e-14  1.35555e-13
1.04272e-13  7.25632e-14  1.2506e-13
6.90127e-14  7.72924e-14  1.44282e-13
-1.65555e-13  7.01989e-14  1.55677e-13
-6.49442e-15  8.38969e-14  8.94257e-14
1.82794e-14  -6.24097e-14  1.14506e-13
-3.86403e-14  -3.86403e-14  6.00955e-14
-2.46443e-13  -2.19385e-14  3.18352e-14
9.28455e-14  -1.58629e-14  9.28455e-14
8.45941e-14  -1.29092e-13  1.13276e-13
-1.05283e-13  4.33562e-16  6.62752e-14
1.24471e-13  -1.60892e-14  6.0708e-14
2.84002e-14  -7.57171e-14  8.67365e-14
-8.54985e-14  -1.84478e-14  8.4083e-14
-1.10893e-13  -2.35745e-14  3.72011e-14
1.34424e-13  -1.6518e-13  9.55023e-14
-2.19385e-14  -2.46443e-13  3.18352e-14
-1.98798e-14  -1.98798e-14  1.59463e-14
7.2422e-14  -2.98291e-13  7.2422e-14
-5.00358e-14  -9.78872e-14  7.67279e-14
-5.71971e-15  -2.66961e-13  4.53916e-14
-5.75291e-14  -1.54772e-13  4.39425e-14
9.69416e-14  -2.03021e-13  5.50819e-14
-1.49952e-13  -2.66256e-13  6.24452e-14
9.16613e-14  -6.50083e-14  2.31776e-14
4.25281e-14  1.63562e-13  1.63562e-13
-1.58629e-14  9.28455e-14  9.28455e-14
-2.98291e-13  7.2422e-14  7.2422e-14
1.47096e-13  1.47096e-13  1.47096e-13
1.37779e-13  1.52252e-13  1.52252e-13
-1.44526e-13  1.1738e-13  1.1738e-13
1.79723e-13  1.06345e-13  1.06345e-13
-2.36529e-14  1.22007e-13  1.22007e-13
-1.05215e-13  1.33616e-13  1.33616e-13
-9.25531e-14  6.94821e-14  6.94821e-14
1.71002e-13  -2.18315e-14  1.77824e-13
-1.29092e-13  8.45941e-14  1.13276e-13
-9.78872e-14  -5.00358e-14  7.67279e-14
1.52252e-13  1.37779e-13  1.52252e-13
-1.28792e-13  -1.28792e-13  1.98266e-13
-8.57486e-14  1.50213e-13  1.20274e-13
2.10019e-14  6.40381e-14  1.10417e-13
1.81131e-13  5.97061e-15  1.53109e-13
-1.93277e-13  8.63314e-14  1.41212e-13
-1.00371e-14  -1.7571e-15  7.65893e-14
2.33404e-14  -1.14418e-13  1.35555e-13
4.33562e-16  -1.05283e-13  6.62752e-14
-2.66961e-13  -5.71971e-15  4.53916e-14
1.1738e-13  -1.44526e-13  1.1738e-13
1.50213e-13  -8.57486e-14  1.20274e-13
-1.3574e-13  -1.3574e-13  8.92328e-14
1.2527e-13  -6.73506e-14  8.06204e-14
-1.48374e-14  -1.00467e-13  9.38584e-14
-1.02941e-13  -1.45093e-13  1.0235e-13
-7.56416e-14  -1.70169e-14  4.92556e-14
7.25632e-14  1.04272e-13  1.2506e-13
-1.60892e-14  1.24471e-13  6.0708e-14
-1.54772e-13  -5.75291e-14  4.39425e-14
1.06345e-13  1.79723e-13  1.06345e-13
6.40381e-14  2.10019e-14  1.10417e-13
-6.73506e-14  1.2527e-13  8.06204e-14
6.1696e-14  6.1696e-14  7.36904e-14
1.45263e-14  9.96266e-14  8.52302e-14
-1.05379e-13  1.46743e-13  9.57317e-14
7.75634e-16  -7.66285e-16  4.53433e-14
7.72924e-14  6.90127e-14  1.44282e-13
-7.57171e-14  2.84002e-14  8.67365e-14
-2.03021e-13  9.69416e-14  5.50819e-14
1.22007e-13  -2.36529e-14  1.22007e-13
5.97061e-15  1.81131e-13  1.53109e-13
-1.00467e-13  -1.48374e-14  9.38584e-14
9.96266e-14  1.45263e-14  8.52302e-14
8.58533e-14  8.58533e-14  1.19869e-13
-1.25904e-13  2.98316e-14  1.1383e-13
-8.13862e-14  5.01802e-14  5.69551e-14
7.01989e-14  -1.65555e-13  1.55677e-13
-1.84478e-14  -8.54985e-14  8.4083e-14
-2.66256e-13  -1.49952e-13  6.24452e-14
1.33616e-13  -1.05215e-13  1.33616e-13
8.63314e-14  -1.93277e-13  1.41212e-13
-1.45093e-13  -1.02941e-13  1.0235e-13
1.46743e-13  -1.05379e-13  9.57317e-14
2.98316e-14  -1.25904e-13  1.1383e-13
-1.4158e-13  -1.4158e-13  1.23637e-13
-8.0063e-14  -9.69974e-14  6.28089e-14
8.38969e-14  -6.49442e-15  8.94257e-14
-2.35745e-14  -1.10893e-13  3.72011e-14
-6.50083e-14  9.16613e-14  2.31776e-14
6.94821e-14  -9.25531e-14  6.94821e-14
-1.7571e-15  -1.00371e-14  7.65893e-14
-1.70169e-14  -7.56416e-14  4.92556e-14
-7.66285e-16  7.75634e-16  4.53433e-14
5.01802e-14  -8.13862e-14  5.69551e-14
-9.69974e-14  -8.0063e-14  6.28089e-14
3.85712e-14  3.85712e-14  2.78146e-14
2.99585e-13  2.99585e-13  -1.74182e-13
-1.83495e-13  1.53946e-13  -5.91225e-14
5.74281e-14  3.31106e-13  -2.23797e-13
1.77824e-13  1.71002e-13  -2.18315e-14
-3.17774e-13  4.08047e-13  -3.17774e-13
-5.23664e-14  1.53347e-13  -1.30448e-14
-6.38439e-14  2.28924e-13  -9.99548e-14
2.88767e-13  2.52339e-13  -1.5556e-13
-2.68276e-13  2.02745e-13  -6.56372e-14
9.78954e-14  2.34639e-13  -1.44645e-13
1.53946e-13  -1.83495e-13  -5.91225e-14
-1.40202e-13  -1.40202e-13  4.64548e-14
-7.42686e-14  -1.39695e-13  -7.96641e-14
1.13276e-13  -1.29092e-13  8.45941e-14
-1.61274e-13  -2.84517e-13  -1.61274e-13
-6.71936e-14  -1.06824e-13  1.00237e-13
-9.45612e-15  -1.29676e-13  1.90867e-14
2.18644e-13  -2.00094e-13  -3.2965e-14
-1.84809e-13  -1.26652e-13  4.5451e-14
-3.03136e-14  -1.19471e-13  -3.11483e-14
3.31106e-13  5.74281e-14  -2.23797e-13
-1.39695e-13  -7.42686e-14  -7.96641e-14
2.96146e-13  2.96146e-13  -3.63703e-13
7.67279e-14  -9.78872e-14  -5.00358e-14
-4.07728e-13  1.97794e-13  -4.07728e-13
9.12146e-14  -5.61162e-14  -5.24705e-14
-2.98814e-13  1.01547e-13  -1.88652e-13
3.51242e-13  1.31055e-14  -2.0102e-13
-2.78133e-13  -7.41193e-14  -8.69423e-14
2.65978e-13  1.66201e-13  -2.35494e-13
1.71002e-13  1.77824e-13  -2.18315e-14
-1.29092e-13  1.13276e-13  8.45941e-14
-9.78872e-14  7.67279e-14  -5.00358e-14
1.52252e-13  1.52252e-13  1.37779e-13
-1.28792e-13  1.98266e-13  -1.28792e-13
-8.57486e-14  1.20274e-13  1.50213e-13
2.10019e-14  1.10417e-13  6.40381e-14
1.81131e-13  1.53109e-13  5.97061e-15
-1.93277e-13  1.41212e-13  8.63314e-14
-1.00371e-14  7.65893e-14  -1.7571e-15
4.08047e-13  -3.17774e-13  -3.17774e-13
-2.84517e-13  -1.61274e-13  -1.61274e-13
1.97794e-13  -4.07728e-13  -4.07728e-13
1.98266e-13  -1.28792e-13  -1.28792e-13
-5.39835e-13  -5.39835e-13  -5.39835e-13
-2.31072e-14  -1.13585e-13  -1.13585e-13
-1.96544e-13  -2.39449e-13  -2.39449e-13
4.79594e-13  -3.04854e-13  -3.04854e-13
-3.60951e-13  -1.76051e-13  -1.76051e-13
1.47998e-13  -2.70861e-13  -2.70861e-13
1.53347e-13  -5.23664e-14  -1.30448e-14
-1.06824e-13  -6.71936e-14  1.00237e-13
-5.61162e-14  9.12146e-14  -5.24705e-14
1.20274e-13  -8.57486e-14  1.50213e-13
-1.13585e-13  -2.31072e-14  -1.13585e-13
-7.85121e-14  -7.85121e-14  1.72743e-13
-4.92346e-14  1.12126e-14  6.63806e-14
1.92147e-13  -5.39174e-14  1.74714e-14
-1.96286e-13  -9.41135e-14  1.05065e-13
1.83309e-14  5.18054e-14  -3.22159e-15
2.28924e-13  -6.38439e-14  -9.99548e-14
-1.29676e-13  -9.45612e-15  1.90867e-14
1.01547e-13  -2.98814e-13  -1.88652e-13
1.10417e-13  2.10019e-14  6.40381e-14
-2.39449e-13  -1.96544e-13  -2.39449e-13
1.12126e-14  -4.92346e-14  6.63806e-14
-1.37929e-13  -1.37929e-13  -4.1566e-14
2.3719e-13  -6.23347e-14  -7.49234e-14
-2.08194e-13  -7.97123e-15  1.61881e-14
1.28025e-13  -1.75744e-13  -1.00585e-13
2.52339e-13  2.88767e-13  -1.5556e-13
-2.00094e-13  2.18644e-13  -3.2965e-14
1.31055e-14  3.51242e-13  -2.0102e-13
1.53109e-13  1.81131e-13  5.97061e-15
-3.04854e-13  4.79594e-13  -3.04854e-13
-5.39174e-14  1.92147e-13  1.74714e-14
-6.23347e-14  2.3719e-13  -7.49234e-14
3.19295e-13  3.19295e-13  -1.3642e-13
-2.52661e-13  2.3636e-13  -4.11896e-14
2.52826e-14  2.44324e-13  -1.18816e-13
2.02745e-13  -2.68276e-13  -6.56372e-14
-1.26652e-13  -1.84809e-13  4.5451e-14
-7.41193e-14  -2.78133e-13  -8.69423e-14
1.41212e-13  -1.93277e-13  8.63314e-14
-1.76051e-13  -3.60951e-13  -1.76051e-13
-9.41135e-14  -1.96286e-13  1.05065e-13
-7.97123e-15  -2.08194e-13  1.61881e-14
2.3636e-13  -2.52661e-13  -4.11896e-14
-2.37606e-13  -2.37606e-13  4.72773e-14
2.03433e-15  -1.94252e-13  -3.8785e-14
2.34639e-13  9.78954e-14  -1.44645e-13
-1.19471e-13  -3.03136e-14  -3.11483e-14
1.66201e-13  2.65978e-13  -2.35494e-13
7.65893e-14  -1.00371e-14  -1.7571e-15
-2.70861e-13  1.47998e-13  -2.70861e-13
5.18054e-14  1.83309e-14  -3.22159e-15
-1.75744e-13  1.28025e-13  -1.00585e-13
2.44324e-13  2.52826e-14  -1.18816e-13
-1.94252e-13  2.03433e-15  -3.8785e-14
1.64878e-13  1.64878e-13  -1.47675e-13
1.26412e-13  1.26412e-13  -8.97596e-14
-4.79589e-14  2.06868e-15  -8.07765e-14
-1.30495e-13  1.29791e-13  2.70742e-14
1.35555e-13  2.33404e-14  -1.14418e-13
-1.30448e-14  1.53347e-13  -5.23664e-14
-1.01952e-13  2.02173e-15  -1.01952e-13
5.08339e-14  6.10683e-14  -3.69992e-14
7.64752e-14  6.21219e-14  -7.32256e-14
-1.61235e-13  5.07733e-14  -1.17465e-13
1.31067e-14  7.80307e-14  7.98138e-15
2.06868e-15  -4.79589e-14  -8.07765e-14
-1.82171e-14  -1.82171e-14  -8.67313e-14
-2.23926e-13  -5.22739e-15  1.08127e-14
6.62752e-14  4.33562e-16  -1.05283e-13
1.00237e-13  -1.06824e-13  -6.71936e-14
-1.02667e-13  2.1787e-14  -1.02667e-13
7.53977e-14  -3.93761e-15  -3.87767e-14
3.7667e-14  -5.6739e-14  -8.13705e-14
-8.98903e-14  5.5119e-15  -1.14541e-13
-9.61737e-14  -1.2833e-14  -1.58831e-15
1.29791e-13  -1.30495e-13  2.70742e-14
-5.22739e-15  -2.23926e-13  1.08127e-14
1.80508e-14  1.80508e-14  1.55774e-13
4.53916e-14  -2.66961e-13  -5.71971e-15
-5.24705e-14  -5.61162e-14  9.12146e-14
-1.29437e-15  -2.44392e-13  -1.29437e-15
-1.22031e-13  -1.15619e-13  8.36063e-14
1.21874e-13  -1.71939e-13  3.98132e-14
-1.65697e-13  -2.47016e-13  -2.16719e-14
1.16841e-13  -3.2248e-14  1.11908e-13
2.33404e-14  1.35555e-13  -1.14418e-13
4.33562e-16  6.62752e-14  -1.05283e-13
-2.66961e-13  4.53916e-14  -5.71971e-15
1.1738e-13  1.1738e-13  -1.44526e-13
1.50213e-13  1.20274e-13  -8.57486e-14
-1.3574e-13  8.92328e-14  -1.3574e-13
1.2527e-13  8.06204e-14  -6.73506e-14
-1.48374e-14  9.38584e-14  -1.00467e-13
-1.02941e-13  1.0235e-13  -1.45093e-13
-7.56416e-14  4.92556e-14  -1.70169e-14
1.53347e-13  -1.30448e-14  -5.23664e-14
-1.06824e-13  1.00237e-13  -6.71936e-14
-5.61162e-14  -5.24705e-14  9.12146e-14
1.20274e-13  1.50213e-13  -8.57486e-14
-1.13585e-13  -1.13585e-13  -2.31072e-14
-7.85121e-14  1.72743e-13  -7.85121e-14
-4.92346e-14  6.63806e-14  1.12126e-14
1.92147e-13  1.74714e-14  -5.39174e-14
-1.96286e-13  1.05065e-13  -9.41135e-14
1.83309e-14  -3.22159e-15  5.18054e-14
2.02173e-15  -1.01952e-13  -1.01952e-13
2.1787e-14  -1.02667e-13  -1.02667e-13
-2.44392e-13  -1.29437e-15  -1.29437e-15
8.92328e-14  -1.3574e-13  -1.3574e-13
1.72743e-13  -7.85121e-14  -7.85121e-14
-1.43783e-13  -1.43783e-13  -1.43783e-13
6.40399e-14  -5.86778e-14  -5.86778e-14
-8.27554e-16  -9.32238e-14  -9.32238e-14
-1.11912e-13  -1.46185e-13  -1.46185e-13
-6.05613e-14  -9.30708e-15  -9.30708e-15
6.10683e-14  5.08339e-14  -3.69992e-14
-3.93761e-15  7.53977e-14  -3.87767e-14
-1.15619e-13  -1.22031e-13  8.36063e-14
8.06204e-14  1.2527e-13  -6.73506e-14
6.63806e-14  -4.92346e-14  1.12126e-14
-5.86778e-14  6.40399e-14  -5.86778e-14
1.22572e-15  1.22572e-15  1.43988e-14
3.05784e-14  4.47407e-14  -2.15151e-14
-1.09174e-13  9.32803e-14  -7.0885e-14
2.35304e-14  -4.99194e-14  5.22895e-14
6.21219e-14  7.64752e-14  -7.32256e-14
-5.6739e-14  3.7667e-14  -8.13705e-14
-1.71939e-13  1.21874e-13  3.98132e-14
9.38584e-14  -1.48374e-14  -1.00467e-13
1.74714e-14  1.92147e-13  -5.39174e-14
-9.32238e-14  -8.27554e-16  -9.32238e-14
4.47407e-14  3.05784e-14  -2.15151e-14
9.61613e-14  9.61613e-14  -7.45196e-14
-1.29176e-13  4.33061e-14  -1.09118e-13
-6.12432e-14  6.60199e-14  1.74889e-14
5.07733e-14  -1.61235e-13  -1.17465e-13
5.5119e-15  -8.98903e-14  -1.14541e-13
-2.47016e-13  -1.65697e-13  -2.16719e-14
1.0235e-13  -1.02941e-13  -1.45093e-13
1.05065e-13  -1.96286e-13  -9.41135e-14
-1.46185e-13  -1.11912e-13  -1.46185e-13
9.32803e-14  -1.09174e-13  -7.0885e-14
4.33061e-14  -1.29176e-13  -1.09118e-13
-1.49998e-13  -1.49998e-13  -1.60816e-13
-6.78763e-14  -1.03063e-13  -2.34505e-14
7.80307e-14  1.31067e-14  7.98138e-15
-1.2833e-14  -9.61737e-14  -1.58831e-15
-3.2248e-14  1.16841e-13  1.11908e-13
4.92556e-14  -7.56416e-14  -1.70169e-14
-3.22159e-15  1.83309e-14  5.18054e-14
-9.30708e-15  -6.05613e-14  -9.30708e-15
-4.99194e-14  2.35304e-14  5.22895e-14
6.60199e-14  -6.12432e-14  1.74889e-14
-1.03063e-13  -6.78763e-14  -2.34505e-14
5.94025e-14  5.94025e-14  7.99041e-14
1.79021e-13  1.79021e-13  3.56232e-14
-6.30578e-14  5.07238e-14  6.06096e-14
-1.65528e-14  2.12554e-13  -1.38977e-13
1.2506e-13  7.25632e-14  1.04272e-13
-9.99548e-14  2.28924e-13  -6.38439e-14
-3.69992e-14  6.10683e-14  5.08339e-14
-1.623e-14  1.26504e-13  -1.623e-14
1.09422e-13  1.18275e-13  2.64225e-14
-1.68633e-13  1.00363e-13  7.93165e-14
9.39609e-14  1.40485e-13  -6.91168e-14
5.07238e-14  -6.30578e-14  6.06096e-14
-3.64329e-14  -3.64329e-14  8.839e-14
-1.17342e-13  -3.88986e-14  -8.83512e-14
6.0708e-14  -1.60892e-14  1.24471e-13
1.90867e-14  -1.29676e-13  -9.45612e-15
-3.87767e-14  -3.93761e-15  7.53977e-14
1.95725e-14  -2.56488e-14  1.95725e-14
6.12149e-14  -7.39291e-14  6.42434e-14
-9.01924e-14  -1.74051e-14  9.64323e-14
-2.15948e-14  -3.37986e-14  -2.66964e-14
2.12554e-13  -1.65528e-14  -1.38977e-13
-3.88986e-14  -1.17342e-13  -8.83512e-14
1.8112e-13  1.8112e-13  -3.75865e-13
4.39425e-14  -1.54772e-13  -5.75291e-14
-1.88652e-13  1.01547e-13  -2.98814e-13
8.36063e-14  -1.15619e-13  -1.22031e-13
-2.11426e-13  1.49947e-14  -2.11426e-13
1.75078e-13  -4.78358e-14  -1.52836e-13
-1.81677e-13  -1.27877e-13  -8.41579e-14
2.27987e-13  8.68407e-14  -2.42826e-13
7.25632e-14  1.2506e-13  1.04272e-13
-1.60892e-14  6.0708e-14  1.24471e-13
-1.54772e-13  4.39425e-14  -5.75291e-14
1.06345e-13  1.06345e-13  1.79723e-13
6.40381e-14  1.10417e-13  2.10019e-14
-6.73506e-14  8.06204e-14  1.2527e-13
6.1696e-14  7.36904e-14  6.1696e-14
1.45263e-14  8.52302e-14  9.96266e-14
-1.05379e-13  9.57317e-14  1.46743e-13
7.75634e-16  4.53433e-14  -7.66285e-16
2.28924e-13  -9.99548e-14  -6.38439e-14
-1.29676e-13  1.90867e-14  -9.45612e-15
1.01547e-13  -1.88652e-13  -2.98814e-13
1.10417e-13  6.40381e-14  2.10019e-14
-2.39449e-13  -2.39449e-13  -1.96544e-13
1.12126e-14  6.63806e-14  -4.92346e-14
-1.37929e-13  -4.1566e-14  -1.37929e-13
2.3719e-13  -7.49234e-14  -6.23347e-14
-2.08194e-13  1.61881e-14  -7.97123e-15
1.28025e-13  -1.00585e-13  -1.75744e-13
6.10683e-14  -3.69992e-14  5.08339e-14
-3.93761e-15  -3.87767e-14  7.53977e-14
-1.15619e-13  8.36063e-14  -1.22031e-13
8.06204e-14  -6.73506e-14  1.2527e-13
6.63806e-14  1.12126e-14  -4.92346e-14
-5.86778e-14  -5.86778e-14  6.40399e-14
1.22572e-15  1.43988e-14  1.22572e-15
3.05784e-14  -2.15151e-14  4.47407e-14
-1.09174e-13  -7.0885e-14  9.32803e-14
2.35304e-14  5.22895e-14  -4.99194e-14
1.26504e-13  -1.623e-14  -1.623e-14
-2.56488e-14  1.95725e-14  1.95725e-14
1.49947e-14  -2.11426e-13  -2.11426e-13
7.36904e-14  6.1696e-14  6.1696e-14
-4.1566e-14  -1.37929e-13  -1.37929e-13
1.43988e-14  1.22572e-15  1.22572e-15
-7.3026e-14  -7.3026e-14  -7.3026e-14
7.31107e-14  -2.47554e-14  -2.47554e-14
-1.21888e-13  3.37247e-14  3.37247e-14
1.1399e-13  -1.17751e-13  -1.17751e-13
1.18275e-13  1.09422e-13  2.64225e-14
-7.39291e-14  6.12149e-14  6.42434e-14
-4.78358e-14  1.75078e-13  -1.52836e-13
8.52302e-14  1.45263e-14  9.96266e-14
-7.49234e-14  2.3719e-13  -6.23347e-14
-2.15151e-14  3.05784e-14  4.47407e-14
-2.47554e-14  7.31107e-14  -2.47554e-14
1.2597e-13  1.2597e-13  3.12639e-14
-1.3309e-13  6.64178e-14  7.15239e-14
2.57985e-14  1.05469e-13  -7.07411e-14
1.00363e-13  -1.68633e-13  7.93165e-14
-1.74051e-14  -9.01924e-14  9.64323e-14
-1.27877e-13  -1.81677e-13  -8.41579e-14
9.57317e-14  -1.05379e-13  1.46743e-13
1.61881e-14  -2.08194e-13  -7.97123e-15
-7.0885e-14  -1.09174e-13  9.32803e-14
3.37247e-14  -1.21888e-13  3.37247e-14
6.64178e-14  -1.3309e-13  7.15239e-14
-1.4266e-13  -1.4266e-13  1.16571e-13
1.23214e-14  -1.17473e-13  -2.25931e-14
1.40485e-13  9.39609e-14  -6.91168e-14
-3.37986e-14  -2.15948e-14  -2.66964e-14
8.68407e-14  2.27987e-13  -2.42826e-13
4.53433e-14  7.75634e-16  -7.66285e-16
-1.00585e-13  1.28025e-13  -1.75744e-13
5.22895e-14  2.35304e-14  -4.99194e-14
-1.17751e-13  1.1399e-13  -1.17751e-13
1.05469e-13  2.57985e-14  -7.07411e-14
-1.17473e-13  1.23214e-14  -2.25931e-14
1.44384e-13  1.44384e-13  -1.52692e-13
1.86128e-13  1.86128e-13  1.6086e-13
-1.23355e-13  6.47344e-14  1.10282e-13
-7.00337e-14  1.92843e-13  1.94742e-13
1.44282e-13  7.72924e-14  6.90127e-14
-1.5556e-13  2.52339e-13  2.88767e-13
-7.32256e-14  6.21219e-14  7.64752e-14
2.64225e-14  1.18275e-13  1.09422e-13
1.78224e-13  1.38249e-13  1.78224e-13
-1.90716e-13  1.07659e-13  1.15981e-13
9.67973e-15  1.29016e-13  1.33563e-13
6.47344e-14  -1.23355e-13  1.10282e-13
-9.03503e-14  -9.03503e-14  6.86361e-14
-1.71772e-13  -8.0238e-14  1.35927e-13
8.67365e-14  -7.57171e-14  2.84002e-14
-3.2965e-14  -2.00094e-13  2.18644e-13
-8.13705e-14  -5.6739e-14  3.7667e-14
6.42434e-14  -7.39291e-14  6.12149e-14
1.26228e-13  -1.36901e-13  1.26228e-13
-1.20492e-13  -7.71596e-14  7.63957e-14
-9.5754e-14  -7.11701e-14  8.44349e-14
1.92843e-13  -7.00337e-14  1.94742e-13
-8.0238e-14  -1.71772e-13  1.35927e-13
1.00008e-13  1.00008e-13  2.98826e-13
5.50819e-14  -2.03021e-13  9.69416e-14
-2.0102e-13  1.31055e-14  3.51242e-13
3.98132e-14  -1.71939e-13  1.21874e-13
-1.52836e-13  -4.78358e-14  1.75078e-13
2.15373e-13  -1.15315e-13  2.15373e-13
-1.87473e-13  -1.78622e-13  1.48082e-13
1.30448e-13  2.3819e-14  1.98354e-13
7.72924e-14  1.44282e-13  6.90127e-14
-7.57171e-14  8.67365e-14  2.84002e-14
-2.03021e-13  5.50819e-14  9.69416e-14
1.22007e-13  1.22007e-13  -2.36529e-14
5.97061e-15  1.53109e-13  1.81131e-13
-1.00467e-13  9.38584e-14  -1.48374e-14
9.96266e-14  8.52302e-14  1.45263e-14
8.58533e-14  1.19869e-13  8.58533e-14
-1.25904e-13  1.1383e-13  2.98316e-14
-8.13862e-14  5.69551e-14  5.01802e-14
2.52339e-13  -1.5556e-13  2.88767e-13
-2.00094e-13  -3.2965e-14  2.18644e-13
1.31055e-14  -2.0102e-13  3.51242e-13
1.53109e-13  5.97061e-15  1.81131e-13
-3.04854e-13  -3.04854e-13  4.79594e-13
-5.39174e-14  1.74714e-14  1.92147e-13
-6.23347e-14  -7.49234e-14  2.3719e-13
3.19295e-13  -1.3642e-13  3.19295e-13
-2.52661e-13  -4.11896e-14  2.3636e-13
2.52826e-14  -1.18816e-13  2.44324e-13
6.21219e-14  -7.32256e-14  7.64752e-14
-5.6739e-14  -8.13705e-14  3.7667e-14
-1.71939e-13  3.98132e-14  1.21874e-13
9.38584e-14  -1.00467e-13  -1.48374e-14
1.74714e-14  -5.39174e-14  1.92147e-13
-9.32238e-14  -9.32238e-14  -8.27554e-16
4.47407e-14  -2.15151e-14  3.05784e-14
9.61613e-14  -7.45196e-14  9.61613e-14
-1.29176e-13  -1.09118e-13  4.33061e-14
-6.12432e-14  1.74889e-14  6.60199e-14
1.18275e-13  2.64225e-14  1.09422e-13
-7.39291e-14  6.42434e-14  6.12149e-14
-4.78358e-14  -1.52836e-13  1.75078e-13
8.52302e-14  9.96266e-14  1.45263e-14
-7.49234e-14  -6.23347e-14  2.3719e-13
-2.15151e-14  4.47407e-14  3.05784e-14
-2.47554e-14  -2.47554e-14  7.31107e-14
1.2597e-13  3.12639e-14  1.2597e-13
-1.3309e-13  7.15239e-14  6.64178e-14
2.57985e-14  -7.07411e-14  1.05469e-13
1.38249e-13  1.78224e-13  1.78224e-13
-1.36901e-13  1.26228e-13  1.26228e-13
-1.15315e-13  2.15373e-13  2.15373e-13
1.19869e-13  8.58533e-14  8.58533e-14
-1.3642e-13  3.19295e-13  3.19295e-13
-7.45196e-14  9.61613e-14  9.61613e-14
3.12639e-14  1.2597e-13  1.2597e-13
2.02433e-13  2.02433e-13  2.02433e-13
-1.71917e-13  1.38999e-13  1.38999e-13
-5.97646e-14  1.43885e-13  1.43885e-13
1.07659e-13  -1.90716e-13  1.15981e-13
-7.71596e-14  -1.20492e-13  7.63957e-14
-1.78622e-13  -1.87473e-13  1.48082e-13
1.1383e-13  -1.25904e-13  2.98316e-14
-4.11896e-14  -2.52661e-13  2.3636e-13
-1.09118e-13  -1.29176e-13  4.33061e-14
7.15239e-14  -1.3309e-13  6.64178e-14
1.38999e-13  -1.71917e-13  1.38999e-13
-1.68102e-13  -1.68102e-13  8.50754e-14
-6.96595e-14  -1.25635e-13  9.30376e-14
1.29016e-13  9.67973e-15  1.33563e-13
-7.11701e-14  -9.5754e-14  8.44349e-14
2.3819e-14  1.30448e-13  1.98354e-13
5.69551e-14  -8.13862e-14  5.01802e-14
-1.18816e-13  2.52826e-14  2.44324e-13
1.74889e-14  -6.12432e-14  6.60199e-14
-7.07411e-14  2.57985e-14  1.05469e-13
1.43885e-13  -5.97646e-14  1.43885e-13
-1.25635e-13  -6.96595e-14  9.30376e-14
6.50782e-14  6.50782e-14  1.32052e-13
1.72111e-13  1.72111e-13  -2.30577e-13
-6.59187e-14  4.4211e-14  -1.42058e-13
-1.41689e-13  1.59622e-13  -2.15462e-13
1.55677e-13  7.01989e-14  -1.65555e-13
-6.56372e-14  2.02745e-13  -2.68276e-13
-1.17465e-13  5.07733e-14  -1.61235e-13
7.93165e-14  1.00363e-13  -1.68633e-13
1.15981e-13  1.07659e-13  -1.90716e-13
-2.0024e-13  9.72758e-14  -2.0024e-13
4.41005e-15  1.08434e-13  -1.56208e-13
4.4211e-14  -6.59187e-14  -1.42058e-13
-3.65915e-14  -3.65915e-14  -8.10809e-14
-2.25581e-13  -1.75354e-14  -1.36331e-13
8.4083e-14  -1.84478e-14  -8.54985e-14
4.5451e-14  -1.26652e-13  -1.84809e-13
-1.14541e-13  5.5119e-15  -8.98903e-14
9.64323e-14  -1.74051e-14  -9.01924e-14
7.63957e-14  -7.71596e-14  -1.20492e-13
-1.24925e-13  -1.41538e-14  -1.24925e-13
-1.00161e-13  -2.49669e-14  -8.65311e-14
1.59622e-13  -1.41689e-13  -2.15462e-13
-1.75354e-14  -2.25581e-13  -1.36331e-13
-4.47251e-15  -4.47251e-15  -2.5981e-13
6.24452e-14  -2.66256e-13  -1.49952e-13
-8.69423e-14  -7.41193e-14  -2.78133e-13
-2.16719e-14  -2.47016e-13  -1.65697e-13
-8.41579e-14  -1.27877e-13  -1.81677e-13
1.48082e-13  -1.78622e-13  -1.87473e-13
-1.93686e-13  -2.50436e-13  -1.93686e-13
1.00165e-13  -4.56582e-14  -1.74913e-13
7.01989e-14  1.55677e-13  -1.65555e-13
-1.84478e-14  8.4083e-14  -8.54985e-14
-2.66256e-13  6.24452e-14  -1.49952e-13
1.33616e-13  1.33616e-13  -1.05215e-13
8.63314e-14  1.41212e-13  -1.93277e-13
-1.45093e-13  1.0235e-13  -1.02941e-13
1.46743e-13  9.57317e-14  -1.05379e-13
2.98316e-14  1.1383e-13  -1.25904e-13
-1.4158e-13  1.23637e-13  -1.4158e-13
-8.0063e-14  6.28089e-14  -9.69974e-14
2.02745e-13  -6.56372e-14  -2.68276e-13
-1.26652e-13  4.5451e-14  -1.84809e-13
-7.41193e-14  -8.69423e-14  -2.78133e-13
1.41212e-13  8.63314e-14  -1.93277e-13
-1.76051e-13  -1.76051e-13  -3.60951e-13
-9.41135e-14  1.05065e-13  -1.96286e-13
-7.97123e-15  1.61881e-14  -2.08194e-13
2.3636e-13  -4.11896e-14  -2.52661e-13
-2.37606e-13  4.72773e-14  -2.37606e-13
2.03433e-15  -3.8785e-14  -1.94252e-13
5.07733e-14  -1.17465e-13  -1.61235e-13
5.5119e-15  -1.14541e-13  -8.98903e-14
-2.47016e-13  -2.16719e-14  -1.65697e-13
1.0235e-13  -1.45093e-13  -1.02941e-13
1.05065e-13  -9.41135e-14  -1.96286e-13
-1.46185e-13  -1.46185e-13  -1.11912e-13
9.32803e-14  -7.0885e-14  -1.09174e-13
4.33061e-14  -1.09118e-13  -1.29176e-13
-1.49998e-13  -1.60816e-13  -1.49998e-13
-6.78763e-14  -2.34505e-14  -1.03063e-13
1.00363e-13  7.93165e-14  -1.68633e-13
-1.74051e-14  9.64323e-14  -9.01924e-14
-1.27877e-13  -8.41579e-14  -1.81677e-13
9.57317e-14  1.46743e-13  -1.05379e-13
1.61881e-14  -7.97123e-15  -2.08194e-13
-7.0885e-14  9.32803e-14  -1.09174e-13
3.37247e-14  3.37247e-14  -1.21888e-13
6.64178e-14  7.15239e-14  -1.3309e-13
-1.4266e-13  1.16571e-13  -1.4266e-13
1.23214e-14  -2.25931e-14  -1.17473e-13
1.07659e-13  1.15981e-13  -1.90716e-13
-7.71596e-14  7.63957e-14  -1.20492e-13
-1.78622e-13  1.48082e-13  -1.87473e-13
1.1383e-13  2.98316e-14  -1.25904e-13
-4.11896e-14  2.3636e-13  -2.52661e-13
-1.09118e-13  4.33061e-14  -1.29176e-13
7.15239e-14  6.64178e-14  -1.3309e-13
1.38999e-13  1.38999e-13  -1.71917e-13
-1.68102e-13  8.50754e-14  -1.68102e-13
-6.96595e-14  9.30376e-14  -1.25635e-13
9.72758e-14  -2.0024e-13  -2.0024e-13
-1.41538e-14  -1.24925e-13  -1.24925e-13
-2.50436e-13  -1.93686e-13  -1.93686e-13
1.23637e-13  -1.4158e-13  -1.4158e-13
4.72773e-14  -2.37606e-13  -2.37606e-13
-1.60816e-13  -1.49998e-13  -1.49998e-13
1.16571e-13  -1.4266e-13  -1.4266e-13
8.50754e-14  -1.68102e-13  -1.68102e-13
-1.89756e-13  -1.89756e-13  -1.89756e-13
-7.18348e-14  -1.29636e-13  -1.29636e-13
1.08434e-13  4.41005e-15  -1.56208e-13
-2.49669e-14  -1.00161e-13  -8.65311e-14
-4.56582e-14  1.00165e-13  -1.74913e-13
6.28089e-14  -8.0063e-14  -9.69974e-14
-3.8785e-14  2.03433e-15  -1.94252e-13
-2.34505e-14  -6.78763e-14  -1.03063e-13
-2.25931e-14  1.23214e-14  -1.17473e-13
9.30376e-14  -6.96595e-14  -1.25635e-13
-1.29636e-13  -7.18348e-14  -1.29636e-13
4.85052e-14  4.85052e-14  -1.17759e-13
1.8408e-13  1.8408e-13  8.02813e-14
-6.57992e-14  6.53463e-14  -2.97144e-14
5.64493e-14  2.24491e-13  1.97273e-13
8.94257e-14  8.38969e-14  -6.49442e-15
-1.44645e-13  2.34639e-13  9.78954e-14
7.98138e-15  7.80307e-14  1.31067e-14
-6.91168e-14  1.40485e-13  9.39609e-14
1.33563e-13  1.29016e-13  9.67973e-15
-1.56208e-13  1.08434e-13  4.41005e-15
1.27306e-13  1.56722e-13  1.27306e-13
6.53463e-14  -6.57992e-14  -2.97144e-14
-3.88744e-14  -3.88744e-14  -1.22745e-13
-4.55785e-14  -4.78719e-14  6.35834e-14
3.72011e-14  -2.35745e-14  -1.10893e-13
-3.11483e-14  -1.19471e-13  -3.03136e-14
-1.58831e-15  -1.2833e-14  -9.61737e-14
-2.66964e-14  -3.37986e-14  -2.15948e-14
8.44349e-14  -7.11701e-14  -9.5754e-14
-8.65311e-14  -2.49669e-14  -1.00161e-13
1.67583e-14  -4.08786e-14  1.67583e-14
2.24491e-13  5.64493e-14  1.97273e-13
-4.78719e-14  -4.55785e-14  6.35834e-14
2.39406e-13  2.39406e-13  3.67972e-13
2.31776e-14  -6.50083e-14  9.16613e-14
-2.35494e-13  1.66201e-13  2.65978e-13
1.11908e-13  -3.2248e-14  1.16841e-13
-2.42826e-13  8.68407e-14  2.27987e-13
1.98354e-13  2.3819e-14  1.30448e-13
-1.74913e-13  -4.56582e-14  1.00165e-13
2.54072e-13  1.43523e-13  2.54072e-13
8.38969e-14  8.94257e-14  -6.49442e-15
-2.35745e-14  3.72011e-14  -1.10893e-13
-6.50083e-14  2.31776e-14  9.16613e-14
6.94821e-14  6.94821e-14  -9.25531e-14
-1.7571e-15  7.65893e-14  -1.00371e-14
-1.70169e-14  4.92556e-14  -7.56416e-14
-7.66285e-16  4.53433e-14  7.75634e-16
5.01802e-14  5.69551e-14  -8.13862e-14
-9.69974e-14  6.28089e-14  -8.0063e-14
3.85712e-14  2.78146e-14  3.85712e-14
2.34639e-13  -1.44645e-13  9.78954e-14
-1.19471e-13  -3.11483e-14  -3.03136e-14
1.66201e-13  -2.35494e-13  2.65978e-13
7.65893e-14  -1.7571e-15  -1.00371e-14
-2.70861e-13  -2.70861e-13  1.47998e-13
5.18054e-14  -3.22159e-15  1.83309e-14
-1.75744e-13  -1.00585e-13  1.28025e-13
2.44324e-13  -1.18816e-13  2.52826e-14
-1.94252e-13  -3.8785e-14  2.03433e-15
1.64878e-13  -1.47675e-13  1.64878e-13
7.80307e-14  7.98138e-15  1.31067e-14
-1.2833e-14  -1.58831e-15  -9.61737e-14
-3.2248e-14  1.11908e-13  1.16841e-13
4.92556e-14  -1.70169e-14  -7.56416e-14
-3.22159e-15  5.18054e-14  1.83309e-14
-9.30708e-15  -9.30708e-15  -6.05613e-14
-4.99194e-14  5.22895e-14  2.35304e-14
6.60199e-14  1.74889e-14  -6.12432e-14
-1.03063e-13  -2.34505e-14  -6.78763e-14
5.94025e-14  7.99041e-14  5.94025e-14
1.40485e-13  -6.91168e-14  9.39609e-14
-3.37986e-14  -2.66964e-14  -2.15948e-14
8.68407e-14  -2.42826e-13  2.27987e-13
4.53433e-14  -7.66285e-16  7.75634e-16
-1.00585e-13  -1.75744e-13  1.28025e-13
5.22895e-14  -4.99194e-14  2.35304e-14
-1.17751e-13  -1.17751e-13  1.1399e-13
1.05469e-13  -7.07411e-14  2.57985e-14
-1.17473e-13  -2.25931e-14  1.23214e-14
1.44384e-13  -1.52692e-13  1.44384e-13
1.29016e-13  1.33563e-13  9.67973e-15
-7.11701e-14  8.44349e-14  -9.5754e-14
2.3819e-14  1.98354e-13  1.30448e-13
5.69551e-14  5.01802e-14  -8.13862e-14
-1.18816e-13  2.44324e-13  2.52826e-14
1.74889e-14  6.60199e-14  -6.12432e-14
-7.07411e-14  1.05469e-13  2.57985e-14
1.43885e-13  1.43885e-13  -5.97646e-14
-1.25635e-13  9.30376e-14  -6.96595e-14
6.50782e-14  1.32052e-13  6.50782e-14
1.08434e-13  -1.56208e-13  4.41005e-15
-2.49669e-14  -8.65311e-14  -1.00161e-13
-4.56582e-14  -1.74913e-13  1.00165e-13
6.28089e-14  -9.69974e-14  -8.0063e-14
-3.8785e-14  -1.94252e-13  2.03433e-15
-2.34505e-14  -1.03063e-13  -6.78763e-14
-2.25931e-14  -1.17473e-13  1.23214e-14
9.30376e-14  -1.25635e-13  -6.96595e-14
-1.29636e-13  -1.29636e-13  -7.18348e-14
4.85052e-14  -1.17759e-13  4.85052e-14
1.56722e-13  1.27306e-13  1.27306e-13
-4.08786e-14  1.67583e-14  1.67583e-14
1.43523e-13  2.54072e-13  2.54072e-13
2.78146e-14  3.85712e-14  3.85712e-14
-1.47675e-13  1.64878e-13  1.64878e-13
7.99041e-14  5.94025e-14  5.94025e-14
-1.52692e-13  1.44384e-13  1.44384e-13
1.32052e-13  6.50782e-14  6.50782e-14
-1.17759e-13  4.85052e-14  4.85052e-14
1.74864e-13  1.74864e-13  1.74864e-13
