0 000
0 000
0.0001 000
0.0001 -1.60079e-14-1.31829e-14-1.08288e-14
0.0002 000
0.0002 -3.20157e-14-2.63659e-14-2.16577e-14
0.0003 000
0.0003 -4.80236e-14-3.95488e-14-3.24865e-14
0.0004 000
0.0004 -6.40314e-14-5.27318e-14-4.33154e-14
0.0005 000
0.0005 -8.00393e-14-6.59147e-14-5.41442e-14
0.0006 000
0.0006 -9.60472e-14-7.90977e-14-6.49731e-14
0.0007 000
0.0007 -1.12055e-13-9.22806e-14-7.58019e-14
0.0008 000
0.0008 -1.28063e-13-1.05464e-13-8.66308e-14
0.0009 000
0.0009 -1.44071e-13-1.18646e-13-9.74596e-14
